83621
151559
379706
463522
558964
160682
369550
281308
937833
251712
924157
164983
735717
898859
654125
446173
2472
487186
807814
775286
72927
791025
56579
919722
860966
913827
349201
367867
318996
816504
487501
443000
15792
398051
516106
58971
115420
613146
143150
811697
101290
432292
430730
672497
68625
315381
272151
413097
635535
728875
366078
873403
827090
78067
241280
709893
538774
616551
54945
159550
811926
552971
580132
298885
987592
25653
583825
446574
819254
653070
838830
33782
168412
258210
960004
767125
243566
388914
925030
765906
467111
719953
729957
976559
640796
160505
901415
65834
562540
536307
980488
690954
685306
305320
528878
536057
753338
961944
819490
25841
433868
424650
810152
413111
290966
129283
155072
661908
568441
871167
581562
949426
832367
761454
19849
681093
382709
745049
406894
82127
125015
260640
819950
669157
101387
1806
258464
367207
692074
478103
713341
133625
631588
459721
773580
215916
315097
919338
540782
696330
838670
597115
445703
851380
945310
481748
776036
500162
873378
753813
876636
477150
286175
245
67159
598312
769989
332788
685341
311509
493340
774493
353030
363666
264417
504725
633304
337022
300344
917795
492234
568526
623586
942878
835652
635358
540260
99604
896469
639786
387074
743549
347452
684879
623905
754198
741930
749343
567690
322133
950441
979411
790765
837249
537311
622883
141159
277541
683931
117447
8681
558191
739922
877600
862684
783714
919280
30344
915137
980063
424642
304797
173917
711723
766603
520458
820367
104742
841475
579849
615912
612055
28256
169093
344579
359652
707056
117434
141476
333806
323188
558998
506064
636278
53463
657315
169954
787559
284492
94295
362196
404075
200474
117758
759738
82970
784064
784333
154464
114614
100744
744093
393298
10105
999328
613217
388642
536589
584592
771436
459861
554603
430418
115752
371938
514671
585890
851888
596005
197258
134279
135924
788399
459071
181206
691727
677765
450840
193525
971416
952688
952976
717820
347452
982047
527759
33642
583315
332240
83516
166097
41904
918772
204008
15668
966610
678813
389826
599215
998293
703494
139627
618471
96277
900759
17731
210396
491517
901254
104797
145177
193141
599023
922530
76700
208026
952752
720619
802677
240443
583013
657748
995054
334751
956883
758001
608354
79492
517781
196955
695489
676330
40831
921855
186647
944280
73739
517545
775419
39600
359529
798259
345848
790785
885549
7530
841754
340820
799401
599383
835558
362337
939442
163705
800045
748793
412743
110512
443734
902828
26891
614580
488872
395252
334270
965826
966896
61048
888992
994942
655130
891572
574700
300927
371345
412093
693940
611366
908085
533889
115401
874319
994360
465842
349030
771574
938643
592865
242771
443525
266593
32674
401082
593584
774068
765302
305889
110639
907084
864124
515643
435699
839010
43998
724953
96052
571685
755822
181947
92505
552509
513188
856781
988509
866762
707266
344920
230114
113886
870636
668406
634942
617691
794122
244046
998835
849643
851388
951405
403365
580965
779025
708775
875203
408858
840782
855980
61249
769132
798807
761602
130023
314085
583804
180259
434670
623840
371857
752324
207580
287306
317217
35305
555418
279512
361684
583976
504235
268986
234061
201913
662988
787046
259462
170503
801562
917889
215217
560221
193099
988503
582908
651802
582932
827149
552170
29051
353856
357417
977627
139660
991135
52753
471412
548658
574420
746673
146835
472543
72114
810789
512658
222193
982932
182710
689396
984470
944962
874787
544069
394205
364113
799164
981533
740880
392747
258403
348062
55353
287150
498873
629822
266316
757444
30670
197818
413680
942636
353246
469120
224566
465399
753559
831518
747446
96318
307873
436600
897913
231466
1610
160754
436017
424761
252952
593033
654114
153805
523806
794917
387711
593767
464037
713540
962304
686570
592393
713968
231359
144747
398399
128968
63243
502448
727708
498675
143385
640592
444228
553803
906544
375046
197131
979999
94999
522428
833509
761453
308590
986902
532670
875510
974131
191366
126564
986654
126553
176214
666348
261828
303787
369051
736785
118362
710172
970154
430938
853631
391125
410927
416854
960600
320674
838507
382612
612665
947531
294668
630881
147446
896874
626974
883234
167456
826064
275134
900288
453996
193413
466685
915490
192926
249688
913011
826610
28509
659091
374735
790239
51692
261007
489608
427391
624770
566325
905146
375469
203004
221175
481623
709077
323541
701579
842483
399762
475222
850782
572771
868699
739717
963973
598763
986052
488052
391741
700807
443791
943877
323761
113666
197995
437692
285590
227979
323788
814621
836800
442351
553443
153610
746563
162946
276125
503366
754372
732333
137820
384885
719916
473935
227994
153375
761141
374633
96670
33589
793730
452971
480102
68083
150225
459301
696273
634125
564185
484707
275979
812478
60403
151677
631867
718658
201330
25198
510870
352279
603930
956357
405318
711630
772226
606072
890807
159337
955567
371483
883150
903013
863303
486710
415400
159101
349190
98433
732985
559822
808259
842616
77356
67962
891904
606546
857261
26429
244690
487252
515212
332219
167497
249265
958384
227939
759538
662106
150187
855346
553313
288724
820556
99043
25856
750471
781438
669066
555003
622672
295658
693947
790396
470437
527346
752163
714897
291009
654424
897611
261983
142844
641651
852504
961853
457461
866544
884721
727559
761323
225437
315384
782074
390282
945252
449469
602103
446118
231442
720732
552241
778988
411723
988073
302745
72997
367261
696466
534459
388939
307323
852506
16440
303670
102331
643110
533099
777852
728164
307291
496616
801225
566550
159484
433036
451328
209587
224890
476370
414666
394039
560735
833040
837391
396025
759238
31555
678222
963277
938910
186978
68081
711612
28157
648220
151376
454679
626655
665691
824195
292016
491638
440303
652302
531207
918842
758085
109402
831629
841243
137142
525497
945136
102323
379110
793086
450996
751991
313218
348645
989298
582490
673460
260821
781025
222919
439726
266879
591193
573765
607053
238908
632815
121894
873651
391437
869712
71223
396689
618383
850016
392704
597954
705336
704828
566978
179854
576010
488768
354562
6759
100097
347576
290851
400548
902083
178096
723454
359447
300960
841484
71436
508803
969075
172906
705419
947237
945527
342043
782360
586876
268186
915825
630720
345196
100130
355652
50776
835091
709750
692957
24723
415897
359087
824493
485573
181559
181142
67015
369679
341429
241101
307137
736899
337819
84630
539990
514843
49633
751994
287123
215214
171129
567933
541009
286797
655475
823429
742412
261530
457222
416127
976218
267545
518140
569474
800915
79936
324347
640558
978406
162023
273461
317441
299285
598156
54537
651026
702304
768500
217965
877107
962690
440016
392926
334701
697969
184008
907714
809887
63993
324948
860338
941964
597443
368577
221436
224444
413988
15095
76569
486432
378739
412673
809793
533089
541307
803485
688969
840877
379233
804082
801867
496156
651110
913700
575190
339446
215388
694904
998094
245525
581767
335207
584520
439851
871909
504759
406263
974427
757023
461315
271106
97521
919527
35528
932794
593652
624880
504495
654550
224357
196226
563106
481566
158081
70963
544499
710500
266641
77406
272324
467300
438055
697990
526255
923055
448389
648219
969783
901488
568998
453663
711341
787683
723437
173768
484446
622366
857630
830049
344679
381196
562332
89670
650833
531722
734438
406766
248372
309882
631636
685782
710164
962799
363770
88763
374251
165192
644324
271166
626234
50678
984784
992357
567017
759895
993475
808328
346071
617833
808742
469567
218537
481516
425230
47224
731626
25390
197155
128899
966082
660466
321151
938050
868489
111495
576893
818238
586697
265287
585444
357751
814837
636722
592078
55510
334007
18519
408039
513532
327878
307898
717831
145847
243566
491458
643530
490659
996247
470403
721333
672015
964562
278564
150991
645762
714286
969969
755434
776453
711731
322549
173118
226355
249293
431874
709837
842793
791626
188642
407770
829956
192847
638421
867225
16796
989208
529717
964482
384175
832089
717827
946318
598909
832059
839760
904064
911854
114488
223201
953810
17497
360109
8831
498896
804415
60464
789247
115226
709350
38558
414796
391868
513293
186382
214059
500781
280308
645459
4223
959993
441607
32854
152916
290352
657541
400332
570699
661227
438049
695087
424841
32161
979062
149974
462306
216402
734577
118462
62924
542993
727009
234177
125943
521577
261509
290515
443957
15722
104174
560776
140571
19666
731236
775646
915071
54647
560443
52379
155340
790369
495812
214938
4714
655417
452578
970004
599455
81695
148932
33015
734931
657088
922939
176634
891032
58701
930848
896168
279883
18077
723370
34306
873583
963644
942652
622441
760913
773943
733219
162587
445545
23542
289892
105002
832045
240345
887298
669252
935369
279860
532265
684247
342616
808935
454801
406982
856666
549175
653280
495346
871883
939171
340221
21506
626061
79944
829340
588801
12971
319680
480523
879499
498149
566498
487221
329346
380365
170581
770502
842963
378419
353201
771
57450
892361
543025
558390
456808
299202
290348
405389
295729
241789
266301
439651
776521
402461
529026
950853
739117
863196
769836
10919
653583
857940
475463
93341
868689
235597
304797
532395
991537
360611
467796
989843
48897
579912
120414
55016
596284
323982
339390
25348
967363
858895
991356
33379
836015
94785
797564
19851
234564
637052
709831
750080
654174
264886
874796
575186
189932
893980
367928
908572
145267
396670
414767
60069
950042
853920
485530
653912
462831
834497
934436
620920
187775
66898
865491
992563
123071
60571
929520
116636
441078
117195
857417
411555
277061
795039
201539
654487
823030
157335
805163
43659
544243
626592
654248
613163
189950
431770
265188
898934
139437
393522
958663
708286
81854
47160
326467
105043
579263
702041
399554
936016
450093
605208
137041
555172
496078
971143
48486
895276
441090
805568
357906
70106
687890
522379
800683
345229
221434
92674
593373
500496
688096
682363
378617
58798
136003
246601
325240
572405
281457
937777
629851
699256
5723
277936
13327
885817
104950
859618
653302
263930
34370
791788
732341
392933
591863
914688
352771
41870
388140
672478
734032
606003
177315
13318
16263
832859
201726
494378
26333
890587
650600
642891
107438
92245
68761
495746
43876
585540
334170
38438
81526
879497
502453
653542
91844
482892
573058
601501
264917
144023
89126
269773
93045
677584
740846
972803
598139
741900
585095
337903
974044
998661
60648
792293
921878
270900
569742
506247
369051
763951
758899
602660
8467
181588
754995
346265
735039
521071
317218
928348
383762
24823
568417
18086
117949
809385
247715
231104
374972
347650
5315
572710
8543
19771
286746
706239
752782
443825
952837
815915
422326
863143
72403
317398
308783
852368
626457
696772
701522
250076
966300
987142
411063
289321
638201
735891
169765
720756
676630
219510
654248
718158
213526
609838
404913
288516
906105
405087
803399
802955
387929
924770
117830
795138
662172
485830
147398
321774
271381
144816
878278
433627
303448
116806
798910
781740
786983
676788
241810
653870
240698
983422
448759
977587
443557
235244
782917
500774
881704
660768
701535
599642
870621
115019
405548
435444
676190
517145
105884
519458
903309
543064
874540
825752
522746
276705
931947
553097
651680
599196
691079
35668
208302
168565
795918
624392
65839
674468
244822
989943
81498
493733
78060
377428
222572
77721
414895
403958
619436
548041
411755
551088
466780
719814
44183
664948
687823
363068
757203
815695
447608
415155
206726
878609
516226
154227
367929
834027
340634
155078
545749
529419
129464
48994
170552
263412
10019
462800
958236
295120
749522
643633
184515
45927
900743
902879
910742
414275
985844
996753
172773
289875
719151
16199
997491
105477
322202
92060
162113
998668
813941
504460
538962
302619
736704
254692
340919
63046
15259
219707
256489
615194
454101
349486
978211
977355
517337
53890
930128
457642
97678
197529
515856
845645
728100
436955
509368
647400
123757
477132
556295
596706
724255
765369
406957
879756
806724
890051
843472
244032
14317
310526
203930
5815
333315
449650
548807
351164
496145
7718
338328
949718
929206
450084
139608
383334
953557
300031
89645
283176
31550
826457
384573
270044
93448
992371
204652
164679
515652
563568
376320
225968
613677
556064
49328
360143
355364
529406
405861
255578
939979
506262
578594
343480
674986
636268
60033
205854
672103
253970
681186
386953
310633
290041
77015
384038
802096
82180
666643
151935
615377
810936
624223
827317
263381
855578
769863
55679
9573
64242
214637
363439
965552
731981
12317
135923
302252
622203
294262
130232
246339
675360
996643
445065
189007
258456
237770
29945
237206
611568
194537
581200
184488
920690
667142
728829
94681
508858
727924
237128
485308
483523
27947
316742
765768
55481
337124
482027
458520
194936
225781
702420
16451
800093
152004
97024
968524
322821
758050
966554
33243
258484
598354
500053
123138
7695
46453
967637
119040
120682
622921
805565
343602
836697
672952
556201
18254
389852
797807
983070
901690
731372
858163
831107
869965
717353
397330
196820
634562
521637
277423
529440
776034
849378
798725
2233
345879
608499
429414
895308
420695
732260
218271
292433
414065
10240
922519
791852
821626
720768
767565
424852
332327
443372
144597
930354
204397
443412
390619
745432
393710
41835
701924
549540
728247
950915
490888
797608
799278
308720
801064
921062
316171
436136
884209
845005
777801
896056
230297
319639
257472
822635
648015
130390
989438
402466
722017
70549
504875
709799
191
527945
571762
704195
963997
594055
860740
517482
243851
205126
734518
584126
442080
224082
785078
953362
434075
735667
383689
772859
791420
621338
594344
974675
787318
878573
212729
714473
352394
272720
850219
842959
817423
712607
33689
694125
211376
659483
360194
423398
665077
437337
140325
685214
72659
165505
642402
706529
194983
209310
440122
598620
519763
69089
31757
541068
268324
353755
278492
582157
581995
530825
462123
986524
785476
830241
368197
937914
506773
315983
37717
474489
651986
812440
596257
81553
869312
385467
869193
695171
997512
133528
166621
390812
926024
237264
838923
27321
696359
213202
151011
496741
379956
939836
622081
364068
544597
407661
605666
824147
390252
548895
137587
497889
911526
11903
982104
915632
901491
48100
232399
483124
208161
87434
64953
481937
999754
402721
908812
587589
595375
478051
176164
963093
84500
680823
980407
617390
879795
964384
758803
889865
457627
895061
927394
454360
963696
753342
291728
173708
164446
733338
101993
884489
585642
773746
359391
973976
106941
267265
804118
762338
764766
865968
187564
310769
467872
273291
810881
709272
302
766533
697488
915874
25611
364349
758900
414852
539353
470358
661630
956810
350018
664861
397002
973144
160624
583658
258051
333183
586502
95517
184039
528036
689915
714225
798527
367568
756760
327023
277347
872752
222866
560336
501209
661850
694550
571513
77321
134158
247154
231580
806875
716980
180325
198954
291557
124113
429659
559991
426048
485020
655838
814443
449097
314434
928314
435288
916826
369669
128207
29683
895798
411756
544072
174794
721886
622116
309369
86463
923759
114859
700466
904399
214073
162911
104954
632264
879506
869065
783916
983405
102274
647605
815475
120417
428419
234720
267241
552706
627258
121363
705250
197132
800067
655031
960410
188780
470443
781442
219943
312686
834446
313509
916554
298286
261834
937667
987819
106752
699227
498859
113168
609368
838288
786617
351712
809997
612710
951407
907728
897983
738133
976515
864015
160329
624995
363167
286062
791842
268403
287431
196914
425153
218733
823719
569538
229617
561706
571744
975769
474357
901146
486807
953575
541921
309387
664646
153122
44756
641645
41762
558825
747313
118175
378412
460378
269103
506720
118664
931556
406670
606344
475690
842848
258262
690488
92914
368678
364618
950012
596781
68054
724152
607204
622414
98242
710235
487133
184052
768062
985229
435995
363311
890236
83610
386786
721748
883053
96633
291215
8829
803033
392630
859529
876399
750732
511254
515777
293140
604699
517807
588285
449419
171062
123381
535072
761886
74579
79351
362361
281879
604392
39576
669662
285303
333164
850485
299685
632433
104686
855449
771768
395767
62302
858287
477806
609493
994391
718790
39772
718759
141490
911676
753286
535645
891608
768218
565237
258911
998124
445602
882144
971133
681548
327958
797126
724419
683997
99971
650424
394254
601073
358623
664315
471255
209415
722465
342148
445605
61132
514567
327563
802843
238773
513162
124041
442123
824653
191219
845041
268185
731960
214775
971843
324733
61232
274580
755321
605229
676668
646851
988268
449509
203603
994611
416987
410739
729645
433280
583442
692839
875863
793529
644224
626117
905928
725096
387632
39816
168843
629744
405253
827772
884262
857605
144408
48831
554061
463923
753735
445892
455535
743990
577017
868254
278081
357984
505483
66499
468396
75882
819819
199038
644013
436745
926769
537219
964204
695558
727830
824169
757875
678289
875089
882382
162860
313905
508388
628138
297070
70275
811731
546341
709568
236806
113251
454364
445428
971312
448814
265435
421829
643896
846503
126846
665695
515054
823806
914368
676786
14503
969184
521670
3318
324718
545645
313215
28275
52319
180234
295103
153196
722790
162930
479690
847921
647998
155631
300421
674153
430183
108561
566785
38946
879109
148820
438040
770081
849098
528761
146018
901254
194438
966474
648500
291728
323762
872107
347708
408567
303836
443685
644699
928548
127387
462416
798490
138628
998916
782484
32189
374285
72532
872658
903732
356393
823815
848460
30760
214174
238286
405733
171795
753766
472857
23616
984976
664274
140216
605909
480865
623994
597233
984666
373874
5221
631620
806967
444836
113764
920372
400027
72259
581447
368158
26644
20750
728779
414445
612264
16551
743422
123276
740826
716713
146855
799055
588054
764071
857192
323109
746234
624703
558709
779476
898622
574342
928306
273015
29237
569150
767475
200005
968025
975140
352227
245260
804304
769297
280459
811015
142775
986851
926661
647441
136646
273037
872623
884593
377298
187240
838885
315795
349252
667039
743343
727972
717336
483252
934646
243977
705502
601172
47781
309152
799170
944132
104817
957292
802081
877301
921351
43925
667836
685737
673931
289419
272540
251522
577548
844497
694286
393080
40521
637802
908945
612863
329682
573688
507970
38763
871658
109767
556294
80913
730767
922103
81795
663790
402524
658494
20185
66944
993981
328287
229815
981716
733682
976782
346143
378537
60238
408329
796033
328006
936994
506760
657780
443850
876113
706643
700626
619235
246870
222764
8632
692598
672579
551479
619097
617266
854760
922444
409919
627695
524612
587508
881261
885735
799916
942568
967413
70486
750751
759235
163643
116093
321301
431531
365996
353776
855063
459673
133287
313918
974376
931514
572849
731362
114042
14390
200841
909847
610998
795111
559259
651308
493150
919355
151057
998717
107838
724278
470718
871368
706116
932939
418025
246238
595289
627542
592394
750698
289573
424363
420753
798536
883517
299979
942188
874278
454766
470279
314358
881200
695450
768422
700401
451818
12596
393221
882303
223286
940786
248820
327960
347558
686876
916635
424602
472977
66973
961320
397024
670174
109059
595072
118539
641676
434640
294764
430085
77340
775012
225494
715510
785429
697717
472614
453052
792236
257367
645710
558022
301994
800992
551931
515812
42096
401715
7115
907669
84899
984234
193602
834543
738708
571825
40800
447178
234653
20927
812908
718148
946080
580717
367425
997292
266303
95544
146202
106666
235359
715511
204302
401880
277524
532230
631027
669036
458161
352043
569719
780161
401691
256935
254928
279031
531596
444769
552952
450160
465389
290465
86944
286766
780985
950852
117192
588969
571973
865548
276569
974862
231547
842302
853400
815788
844674
749466
63337
502913
419192
182618
353972
281994
420121
349084
571698
343007
262534
269825
481682
114296
53139
616218
960222
41532
944521
552529
868014
744696
391440
575707
35896
503154
306906
76780
665343
960428
676616
242532
191432
14471
531482
467008
251749
872801
901459
201440
830707
639005
810739
878084
394562
872557
778539
677066
844924
428591
255809
502396
83409
989149
720271
700704
813986
690863
777181
519005
854144
747142
47551
776597
380203
74245
956545
263359
507618
303997
502324
592138
323289
489140
648731
778035
547697
573247
757043
286806
86207
533304
778657
269279
698740
728480
141798
734320
768319
422950
713108
706718
586857
431989
70350
670895
752208
512063
16114
178900
865396
936729
560867
795898
313786
370670
405830
276179
520056
489037
323248
54701
426829
554447
536249
949689
330758
374920
723549
338873
186114
884384
416827
87590
194619
65875
544862
764184
552234
985582
185621
622528
739521
680727
655460
202757
254241
528117
637614
391020
979413
736788
714918
69464
871472
157237
449934
24981
218890
457555
464360
452302
304514
653661
753816
516524
15715
957349
883892
876847
987558
959810
286252
630794
190762
160891
832738
349100
950247
598993
80454
575207
224088
888043
337940
63883
684229
461061
804074
78139
697479
678076
427431
818456
342124
217406
713644
611843
81377
492573
327968
781086
502236
120438
791308
957931
181234
543943
764472
443067
520662
889163
885231
279292
594816
323941
43369
250912
572952
90477
594605
688644
653999
283911
856905
599655
724633
117028
881312
443803
444339
804635
279206
777114
558279
731365
932275
320542
113124
285868
15867
224387
899865
199134
250810
723505
262658
887135
874962
256760
467056
83851
16428
508069
511952
111466
97547
825507
769943
256843
495339
459208
374126
527786
496793
654937
879356
504282
203604
765031
312546
586839
882306
604091
959707
668298
346674
277142
565215
895764
682711
717532
184526
778969
494095
923062
177787
295525
660313
638064
102396
173571
209979
553124
852716
546738
323832
475710
321352
767818
302959
998623
283927
977652
804395
302947
45710
178735
68183
775442
560327
584023
866703
393667
86154
540261
692199
495032
898888
94296
784346
158137
745596
824437
795920
454371
711305
685082
763773
916770
895429
463912
181916
332898
106041
223806
811512
640821
172665
515396
19364
489054
587682
517385
398953
997231
281341
225767
188090
603925
473732
363720
564419
716329
497206
640551
649170
752438
525717
744345
81287
768964
594086
213750
878868
93220
462548
467014
977559
392302
258806
874891
37878
896808
846935
837161
779996
970281
782855
780588
467354
161629
620945
890743
843968
231606
124452
369749
40038
163254
573470
41671
142352
548096
283217
153656
549789
742040
288343
724936
870528
526672
685535
448290
583610
625590
343302
791037
367607
282142
776863
485002
79905
617977
948695
944647
210926
351589
49610
766264
277647
600342
919961
183914
421334
533302
33941
915735
652035
763573
221596
396296
902576
935196
359881
606177
794749
836398
253144
629682
458203
780077
84885
273747
661294
555568
462553
731470
643593
991193
829093
447580
173314
15412
217064
406747
870817
265447
893268
169364
264019
381874
479734
879157
88416
764144
962582
183851
656841
399995
242093
994246
25843
841190
522540
314085
125120
66201
145760
891789
106376
60167
348777
288211
131523
757298
112915
583362
17812
361158
346447
153457
641260
406384
235851
261139
654174
218582
79006
64298
237709
668945
417221
740338
829995
935280
761108
747705
834832
4567
894938
181865
722821
369786
733892
562820
276545
45305
720507
847135
815888
35861
903921
760870
205774
879256
886924
130963
937693
70329
171182
520380
551125
456649
854499
498844
49658
137317
937893
915475
703586
12904
257743
837912
422286
1809
88970
287845
627828
14847
187160
96137
159868
123685
715528
176202
300855
908013
613063
833033
967659
497523
446592
860463
811527
795522
510012
660625
177965
372014
249120
740534
683553
832713
519403
372173
65801
439853
927306
807347
558990
207739
390514
880195
458148
835406
806271
487772
985529
199235
685227
760357
115138
772002
745383
519608
88097
797023
358291
649917
45876
815337
848030
660705
370745
918788
31052
375280
344247
504495
354372
737822
179322
642114
637959
514207
574738
646873
293932
572811
634128
89836
439429
898161
809483
487301
693952
743298
611356
75085
612380
5073
636650
751979
21926
716050
674473
203140
607871
596398
868719
318633
534494
932975
123484
322324
113818
28778
899436
517900
846014
738305
357068
565083
993399
778123
629194
172252
90948
209578
39202
782924
612420
27410
500921
766938
583262
433235
381856
724051
499471
872797
129410
331788
545746
197738
238983
825524
2697
436069
574690
742151
453070
269270
852826
656993
711978
476245
419128
730381
832541
149555
108644
247413
924069
61592
891631
168238
831440
771067
368964
342621
931274
337976
386484
85834
516735
144607
727789
911846
967649
242342
841576
32026
57856
516328
356131
599495
367464
256935
278815
177948
258908
407762
842932
285868
592254
170530
571728
181002
488114
592542
338363
652234
760757
319208
122904
532740
224327
781039
188268
445347
841197
366092
286612
82348
104181
930562
865437
950893
660328
114509
331201
909814
594169
995489
287960
320467
787962
735559
219603
496958
812275
232901
570994
656530
893221
753811
868382
414926
101729
953277
122371
208984
233008
330862
922111
970428
414117
447830
585145
863123
931289
268549
213736
913928
749092
885295
569831
39558
81260
20001
163046
608722
450088
859009
669583
781757
381051
722811
314209
681023
880447
480266
834065
556226
716790
883915
925118
473362
780408
565783
885560
329734
233090
817299
133573
518826
421896
943680
116408
310962
606684
50385
905517
242912
132753
364297
297299
938517
961136
321064
235138
241380
749463
72470
451473
154943
42956
545256
841869
712483
575486
5149
310177
254904
459432
256078
705177
827752
124484
736112
143996
334156
799088
799276
418148
306503
679928
881431
496819
837671
270182
235742
579386
455573
380604
613853
262774
179637
802139
349329
760759
974610
476109
878137
347224
58259
240991
194524
810444
662838
232858
163548
736375
644160
120872
256033
157951
459661
723261
881007
827022
993676
601895
822855
515055
917766
228832
331870
990339
443277
522695
436777
140936
531751
176101
174902
961259
866621
248186
727226
94684
433479
818793
781473
672664
43967
933504
758673
334283
557764
943504
415847
107735
139010
120333
15575
184099
483749
856209
175542
666915
115311
37488
33275
619817
80735
117200
334461
383122
879185
456737
916024
791260
234848
204511
647526
672452
682047
707054
837973
826700
76208
955976
333430
895559
310228
873593
838988
604469
731398
423638
649189
434581
581005
17526
769354
151371
997156
67132
499
541682
254281
275148
220989
215757
991671
299116
223013
560785
144155
2256
350522
719313
523586
226663
491418
285052
743128
111974
345354
44287
706908
659882
276439
283648
550488
103508
372668
628644
307115
7506
699315
955596
977539
713121
653256
943981
704058
707669
426100
66316
759667
623135
737206
680228
538344
341954
649781
268518
375231
164716
616735
304157
530730
550587
22992
901062
276850
581008
567195
818198
952584
70114
788137
731411
245191
354364
857312
259777
223064
263435
408579
519937
543131
752709
573637
925945
572651
669331
913637
950440
545972
917997
165270
758609
859281
172277
339057
748102
196547
202723
313599
458176
924431
790384
63627
393644
542559
548872
488246
633792
246248
857763
322814
720215
885931
118234
891545
135106
419522
13864
357255
595744
254371
529049
547200
71102
420540
420627
759468
701013
468685
466716
176924
669225
767669
931846
798112
868755
933449
422182
377964
182616
964302
78307
534805
354878
145743
267473
999851
324597
640052
18715
48122
86207
883963
396723
858684
167193
25605
19217
175113
978198
479784
608483
689953
619433
287704
809177
3184
152473
514695
233310
977057
35236
223406
140585
487415
150497
849884
715118
228971
295403
297473
415967
583331
124753
740404
221811
152077
566423
475898
439704
729177
31181
846447
232389
620293
437207
755659
815538
572528
825465
808914
247623
118132
740170
359713
548711
728070
475964
317662
551060
47729
411344
156714
512005
940869
512997
260177
827542
718973
572099
105851
260196
318796
958965
77592
800900
394608
867004
58956
181604
293140
439339
510828
203380
654184
795658
369715
101337
478402
939730
840162
541879
315296
657967
234537
739523
92890
10051
528865
760691
233779
385880
251240
792670
937965
278549
336397
551736
915571
218407
669623
25756
21773
833159
230067
266016
47259
88005
405102
249252
112925
848136
52192
965201
747234
328253
623558
681508
16297
826737
544559
676843
119226
358423
180225
117979
207703
356921
14663
539089
135595
955553
985547
80048
200907
127676
937847
65701
635983
917960
471165
582429
646673
539063
876609
714787
384743
257950
720049
795861
853544
315220
601170
427256
71295
984965
796065
626033
588743
933857
171232
614037
747964
517474
703509
279372
239904
641973
259258
180277
734220
860248
104282
223003
413938
939446
558098
453492
109269
107026
223419
506452
673714
205264
134537
977171
887223
109182
875582
669649
951942
624485
556055
964421
285842
717353
579381
930069
882617
112683
393254
415909
63044
805018
650745
39825
780174
776061
261142
671066
380429
670323
201250
207458
189360
425064
980885
18147
866181
609567
201905
456211
358185
800543
397198
487645
719535
185224
398673
911008
857470
289283
661005
667214
850318
415006
354952
795665
141276
743325
719623
934645
586565
729031
300537
760127
101096
9110
219261
268268
911672
859607
60928
73690
88908
49871
753855
243543
376673
705484
801805
924044
946682
514384
486117
212466
408980
347667
658492
610354
991061
963746
121960
457418
311927
751408
957172
811521
62555
611893
784004
444881
274557
642639
48460
321536
480377
483253
829044
907402
186422
725348
43880
708334
281806
322447
468494
39690
289627
610594
945712
89833
276101
853070
563925
489597
711129
430659
845612
960456
685200
26244
874873
963822
300758
636867
365009
204771
772109
409366
125752
135190
897791
135580
65241
776171
549319
674763
905961
651240
971792
967403
98475
465259
213038
293646
279022
544108
531104
706680
363962
133821
422118
351621
238713
34571
672436
538617
638584
868718
562619
553236
340296
550625
217795
231685
986874
332494
58265
637101
244442
16533
325666
99609
391677
715444
826826
644570
225213
333153
196887
551948
225951
91721
984283
974338
780571
122839
509245
514849
457025
900166
275345
761187
85703
515386
800778
715513
581043
981299
319744
388955
156749
213292
720442
389677
104030
884651
391142
304137
402868
675283
186184
634258
787681
274683
465726
778382
271404
691918
440234
748768
83918
420128
885450
606649
554197
745257
119498
70002
723562
275000
489603
126535
499716
964607
812029
901615
424137
201072
42946
466532
411107
472875
831473
355131
618669
516158
330237
171349
409226
640099
805809
259366
745352
441367
537379
609969
903307
271731
851634
436107
194289
847014
362919
990938
308471
416731
206092
427742
947439
448454
884354
943422
525326
32288
583823
543658
301946
488328
378117
17045
790363
107691
187329
839672
114816
194483
915832
142516
100670
572592
59239
131886
76048
903801
867310
703665
957380
438579
873964
486624
848800
744817
539758
787429
614659
980387
555940
243303
828391
59328
259428
830024
601833
648690
620278
464579
881270
339148
428257
832290
956987
329066
861662
583135
531863
343584
790826
449419
997405
168879
619850
637167
871688
143619
162298
126325
623792
464255
691931
60519
434684
510829
876513
938795
860106
401249
575021
520290
347059
347425
345137
873894
91075
938705
478865
950514
334006
514617
816005
857918
715812
924805
888679
478697
671409
544541
645459
577415
592067
797286
639144
318430
154469
776275
767518
91848
431971
15237
878963
898552
127734
44936
363929
303484
568654
608101
430207
509015
29292
547062
247796
538941
247967
942040
536740
306387
719963
951414
173656
623752
526061
287579
744662
757769
545063
139298
286332
649024
481493
392604
115529
231990
559054
730480
395671
323686
384474
234009
443503
324324
931710
421049
991606
439972
851464
4755
642878
837897
434084
67649
272112
101301
351414
691117
656580
265325
183863
815000
819616
53052
158725
590106
913882
347398
925944
430819
444900
681387
912102
884781
446082
21022
386046
705678
660054
205701
376193
939464
873225
175305
809288
335737
929839
885904
972040
333418
681613
512094
27458
117080
224653
122707
374457
62345
32125
452725
344733
815222
817985
216246
285633
528185
813051
460806
599848
741253
212170
693545
633031
584450
123779
246062
133521
327550
146921
288106
476499
726094
918117
803103
640982
691680
972578
430864
375225
538396
882944
624717
278673
804884
281538
161176
837905
12302
110073
597675
121589
161065
38646
129467
661055
803965
615634
915528
941489
656591
262067
184578
537675
80839
203495
196760
979288
426471
80134
230325
646966
862819
653856
807962
446597
357754
307613
640214
502340
771279
100783
29969
338163
100127
142001
977180
536686
507005
351384
532376
381260
921836
543641
117449
510267
966444
648912
566842
245605
357505
634422
159951
871700
892666
627287
760600
137670
284973
330492
596815
882247
816126
723350
517881
234148
407127
203030
11730
844555
329463
573963
708675
97046
605674
299805
798894
641874
490574
57393
945259
296173
817774
46955
663385
774940
787859
146445
565044
568552
765705
801618
586797
349301
546083
284957
913068
576773
956955
755562
918459
731541
740034
332586
240052
739949
859432
847209
464410
744086
711007
481228
387095
734064
603572
723378
744225
805095
697431
627844
276065
168520
438344
182186
90882
392286
694963
439680
287207
586248
800454
74532
208451
734304
284999
85549
394318
513230
643895
40589
207149
641290
343882
374530
981534
121401
212070
158864
369344
996960
178289
192076
54082
181001
756414
347660
988437
139652
422022
434913
956179
723838
301566
601276
624347
939031
7338
433101
257243
57368
98693
860203
359518
693395
524954
44853
555049
929633
410374
389317
448369
981281
110102
78418
938284
919434
237066
127377
487414
793202
723507
669498
910989
267527
546413
151981
203503
110055
347572
402472
803100
98207
501612
280456
503080
649630
582244
312663
181034
616239
305636
765006
526969
205383
625853
857456
627233
987738
758547
163850
95106
842323
561661
972639
260668
671430
41277
443417
666899
878155
862837
450930
783958
321267
792460
759088
265865
204102
34445
447533
323985
862873
878163
786536
623828
507263
253553
873445
643300
158206
235138
292462
105851
328817
545955
544881
797710
988811
978662
323205
588079
35550
938466
563688
970787
184924
468578
409264
219926
64547
976659
713446
191268
63158
167024
834920
527081
676286
951816
745773
657099
743127
456079
477056
230999
709745
459419
434498
246604
246879
385957
299105
213367
998511
593334
716252
823263
970950
111515
748278
243036
253067
577291
539872
736059
615731
47929
695573
301835
263360
11167
869478
933380
527851
397920
706532
105686
940766
950866
289341
598707
563760
453825
770598
599491
4305
214384
947040
666936
820846
569978
104095
994834
660870
981576
993683
308219
685066
431322
692900
878520
203638
714412
216781
477927
674709
145019
256046
825425
880511
675240
367156
729865
292021
736138
872382
874031
208805
299993
273451
100130
950092
785708
191204
180158
687029
853219
421227
891496
675950
709590
831146
763335
141314
689642
656805
103340
477361
381082
507510
677030
569980
630520
837766
447341
854659
866138
60154
621754
269801
614012
55916
29833
22999
274100
738504
44316
367663
855350
249688
952193
606436
618529
185032
211593
442251
446312
896897
217629
915714
893575
38867
301946
701515
215676
220202
832059
418231
544193
685495
520291
450584
994330
227130
517837
707820
422512
418719
114725
466964
731457
751354
154023
289197
776798
782632
264651
672189
355755
167918
13250
205052
486106
295807
229918
267991
806385
948893
221415
136519
734296
97434
923843
355927
79950
457017
861409
349706
395122
36560
719439
405446
12831
759922
644728
54911
436076
896952
233355
105775
927202
574477
84288
63336
509756
785315
302583
641612
597956
753408
267548
477968
500976
191742
887437
920694
361671
585809
219081
147943
18039
237920
536914
800470
532144
837580
228428
154479
498105
831355
556284
870665
493357
144009
466768
810935
18700
346573
268146
718092
693108
866269
768565
543662
920733
669271
130054
993329
378262
705833
121836
30832
590343
52875
537073
165005
596695
918469
969021
490643
808520
893492
458621
641023
796338
477688
969752
21817
344731
171941
618513
744899
749110
79116
456106
422356
46758
163084
4460
539396
47237
977255
293228
8512
706959
190443
644955
630934
512323
865950
233364
427732
749736
659197
792893
720794
889031
861279
262319
687900
467120
927113
421817
738492
242582
855489
534528
489898
684685
615679
943717
159756
221889
578807
455198
712378
540528
942387
627049
494444
131000
179799
406595
766878
178009
745793
24404
879658
32741
163177
129929
802817
541411
432101
145161
480762
990122
554714
659909
456827
539556
430494
100049
583688
597453
903039
821033
791783
572645
149253
432450
58613
233220
707231
574756
530121
120618
612552
250630
564341
337614
543110
398871
938479
69412
978422
804262
266269
390562
341753
677972
516734
742329
764760
940910
994048
195178
677047
481873
817996
46175
164914
222934
652056
459635
452992
616332
16466
936227
259989
448948
4161
152505
458854
123385
22274
872718
510725
999691
609116
767788
586943
18644
965162
763205
188280
503231
349055
920065
547141
309581
770783
412470
830667
16120
393120
732147
364710
370644
485613
58732
773615
570901
808801
129191
660237
691761
303999
825313
841137
14310
349423
826253
903726
6136
479224
629525
616425
805581
347846
13370
818490
36044
53289
983906
497741
706416
1864
787831
734991
863106
652699
869891
480405
70202
481810
315554
175191
336486
66966
672700
160492
193459
341996
906664
809460
231332
949934
728812
335093
721153
944227
270123
264370
467436
216514
698872
406238
71276
219345
492941
269307
934842
587814
878188
445221
688109
432900
30170
417510
624742
513678
357437
630601
644039
501110
464529
899814
324518
180995
346303
475235
320654
562523
323726
421450
793730
38791
729360
841003
128815
463426
340153
301921
516411
422343
389414
463113
755080
742687
187264
796594
216863
306652
108787
501448
515109
414674
987050
705278
352292
288948
947441
164193
5332
664064
155695
754211
644234
788228
764451
203715
792072
555036
278332
48462
676442
149545
680267
905511
44199
163154
379295
401006
495522
738924
701088
710644
114280
167175
244299
882656
450086
948802
75003
86346
406456
59923
176415
661196
596500
206229
211514
755756
253945
280397
249926
749558
770480
820132
529015
183950
585682
216743
276225
797296
725831
682067
408929
689022
102424
962519
238183
370089
546555
297746
336486
885789
853527
404110
129843
495203
196766
198567
30639
484800
539957
266215
260155
581218
886276
996395
462052
337137
60833
622657
953156
711310
962826
722189
339934
448367
779544
603892
908431
363637
296742
580987
417794
532989
889541
790998
314437
294971
709147
289112
97190
88848
456881
572914
299726
302934
85968
94467
830230
782661
489363
804650
407527
597997
574428
692771
761882
665910
582240
551755
883394
92751
815613
692503
776713
685778
405861
300040
114545
761942
351826
421105
91630
800451
478488
494839
323132
442022
650189
374853
320205
529042
185264
55228
755439
940420
967131
271667
542289
903041
865016
212926
599577
810558
456040
185326
823193
125075
519293
215825
759312
981681
135626
55865
105722
144355
540891
551233
73886
681901
42459
609208
652530
947170
876740
377217
919529
326444
168159
429318
628714
156348
172723
870655
793549
411105
887025
316024
167754
47719
434926
489222
414608
384077
597515
216803
435011
37959
78024
84507
845046
597181
204615
694919
665971
721941
202813
277438
431843
328941
628289
608189
620951
290053
497720
644283
30883
775072
988758
924726
954918
484692
35755
731936
587938
70309
693503
790092
651192
939799
327931
237592
219810
167795
149547
124147
548250
777473
935220
920095
935736
736727
583350
228080
582389
409326
598066
586915
710776
663112
180381
234573
146573
586003
558150
821664
480002
92436
114067
89322
975229
390848
965090
882251
904831
92566
235354
289632
67763
934091
46937
630481
674780
19614
576748
963279
843750
927264
411275
688617
86743
186559
65528
496406
142922
247182
56888
116765
6295
710791
29061
357684
645467
263215
280759
459945
783879
600351
24801
845850
594603
81328
284446
842783
207636
453355
181044
168533
921194
997422
192036
475553
906359
403945
368358
572069
187366
373347
119506
789369
891431
594255
875375
874778
315082
553514
18547
547150
266758
129836
817714
5898
446210
930233
112073
327863
886257
967837
894849
200030
624237
483194
191222
213016
111766
853924
629647
262737
462845
466527
228828
709066
601295
317756
369519
540950
408928
702098
782829
146510
245750
197753
347483
224754
903248
916093
975132
367531
6681
888901
586586
966163
435164
908684
842990
856591
933657
650846
751725
425895
50050
965063
629974
84536
789401
500428
494357
548500
577837
418696
954558
695683
886601
685683
416758
135421
646200
442701
161245
350733
929836
961594
74557
780928
176432
388771
211531
781970
455501
570670
852336
604770
498335
785286
13535
345424
129194
703556
616687
349786
175561
864474
218440
738464
729687
704940
348676
207789
185062
53422
557681
689923
673600
245595
128583
862359
5430
585348
249741
326824
461182
371962
32967
359245
480102
558237
641385
625074
498779
431851
465615
818652
839157
751672
769368
401114
581452
129354
964928
583537
318155
796750
691102
126548
547309
369657
472626
592291
672018
694288
785920
472681
656196
716777
269828
508804
558612
345653
18353
939357
248073
206238
154378
662121
241900
312780
545709
128224
140185
558938
353002
641752
310840
224602
190711
706538
222676
566306
790908
92685
346093
598109
333471
897184
668927
538104
365247
873924
320755
701194
236071
70729
372332
480299
27041
107404
455458
330198
822509
950896
493289
132775
867263
327565
128306
144011
723450
522988
143090
87425
537415
33117
363307
482930
247149
224790
501013
140082
943782
258856
301283
882897
535491
936764
462073
708681
898299
257354
422409
404071
610067
415331
17428
59830
929573
134095
434725
428844
654416
260179
806949
210635
816830
670213
741562
616845
397771
837459
87908
434545
423990
342396
696546
822375
950005
366998
732446
317108
148629
15624
863405
919987
597688
434584
230784
123889
713236
226118
882026
480062
804133
740508
621754
150002
370094
720487
234198
760425
148722
97258
22146
464904
546871
6497
371015
551696
86708
144988
417817
319295
402727
848770
764714
897564
405718
409931
198251
494600
917766
632303
198741
7825
321290
972075
605431
415740
559619
268358
130861
705567
753193
634737
890277
322164
834253
241639
414826
409786
919339
260343
785310
625043
565030
802122
339598
386641
746618
154148
589361
511232
901091
225114
366010
722394
66386
82845
331828
193219
871502
754590
681737
192247
667412
480730
252191
819268
381985
174097
197075
120549
7621
678688
58389
944700
787889
252014
578146
151147
68705
519619
157668
820889
657490
894869
643947
48684
783007
781368
535084
227585
223070
423928
335723
809091
413775
359962
115005
389566
373636
976436
766470
739059
79974
779280
237195
925716
739857
181068
770245
881460
568262
876135
441535
661875
443673
222505
217586
886865
167063
944761
45681
895377
509188
212309
516926
595516
421013
268804
665710
321607
986688
929526
369283
920068
421895
24308
871180
514161
51149
673172
684770
176934
707636
29251
340861
456624
575912
494693
412579
764982
603066
359510
608874
458951
117398
908827
590190
134934
698981
12363
422965
698807
846777
31271
679054
213623
256161
713063
226680
567424
87837
747480
829917
762127
485131
612493
637681
91590
348289
813795
816972
643793
46211
630127
682403
484864
109424
182787
374731
926562
474760
637750
181259
884999
493646
947483
725842
363014
863399
315930
608405
202125
517762
465429
377385
935385
801581
280320
708204
679421
625953
769096
902618
808852
414636
932749
929368
523502
730611
177017
863613
894650
246387
873244
740377
992864
247464
133771
100763
931788
553955
665425
757925
242212
738525
567580
577047
341661
119102
713982
29684
205352
196618
411439
574332
384812
855323
369608
290767
118345
982533
189827
457473
112228
697421
365317
462120
349002
241198
59307
6391
710022
731279
267664
161376
668939
597315
386060
278128
267812
437881
286728
870289
785151
991002
615910
182704
687171
105639
921644
534656
442979
124904
669208
597005
385380
770343
673897
955889
764216
288271
49444
564561
681789
231417
47313
736296
464051
10587
949122
379490
696828
316419
49546
623508
890874
954282
394806
362373
532097
594056
70285
200435
630282
637704
480516
760233
750926
188439
286107
432104
528896
912518
576983
533459
897683
708103
34154
948249
30359
249112
568313
335616
194077
567097
997680
151963
28353
46573
842268
955862
831533
353346
499217
223425
607523
222911
700393
544757
401170
644200
572145
96596
298371
753290
579491
311821
425783
807271
506929
575261
983332
955979
963949
257861
218316
555637
549814
232326
245175
837071
922055
234523
433064
781790
892475
704364
103446
950733
851234
417024
242377
66303
839653
122747
123865
941275
642268
222855
719870
18347
431776
957230
879822
958941
612971
382032
364219
553809
328451
987459
233181
859045
35558
830445
443224
584210
804348
716941
124755
275167
640749
368914
228663
482889
567545
519745
191076
795443
348923
185035
26753
695782
198916
44656
496043
446563
282786
172103
491666
117968
487649
729469
928841
913986
218652
665649
487939
423119
465754
69970
890471
131868
585091
890639
241743
280240
170709
958963
641828
24533
582799
870608
466440
977870
763572
727743
787066
262062
777980
536697
768626
282938
687670
206105
252095
519636
596339
228944
969962
944871
412193
619258
914132
827063
20127
539316
331316
950480
205008
931410
187440
879309
417896
44199
113690
126746
604593
93917
391658
472313
730878
587927
613222
66843
163044
212447
628611
439221
945703
410225
170690
262087
500743
964222
375520
888160
690806
527517
641915
445284
895025
730031
902575
835292
482225
684100
95097
124467
794419
246375
780358
723905
303862
506861
368763
751716
993260
270868
550874
429337
26566
319951
335795
615832
394343
935050
538839
586696
87560
121188
283593
239723
898579
728016
488182
398672
575025
166635
390606
770312
498119
88710
938673
934319
894319
496632
815796
69224
758152
927528
633925
159578
376316
779883
247280
823300
481878
347032
41448
919389
94347
156798
194272
72476
434909
974002
817187
911254
678066
984350
280443
667746
405877
731490
28354
27736
531077
489695
864605
592717
758802
187309
304539
532538
863176
625529
323159
570131
106625
27706
940443
243135
313911
326974
926158
684556
803798
517233
969073
878338
771582
579459
435700
946895
787313
280717
866962
959850
710230
972215
257312
610767
230054
188911
530120
73460
19928
587781
261402
325675
150651
397945
872683
364420
483081
224218
360362
90600
973183
107463
584832
116249
18201
80487
343860
379462
801305
507775
870826
621626
527679
526350
598423
141449
551454
109062
445928
862438
539024
659771
213469
147842
732
423406
867677
400892
129078
988023
775507
461799
586570
865342
402710
865589
802657
372323
724953
75272
758622
935392
536362
353195
677392
40753
124124
960231
905122
464707
964160
994825
16205
173278
889374
267480
437724
99172
272977
762538
980523
875570
606862
849124
970926
345484
727535
445380
769175
237241
872853
868966
241467
485563
563164
397598
694971
217754
115528
777922
293648
870358
660685
387982
135557
662420
136282
717394
779852
234540
601326
540223
549286
514291
196308
557988
989843
924726
972225
640218
943128
806392
870331
366623
831919
573218
416317
357225
484173
163915
537912
916917
20307
558107
659786
96981
79961
237338
959364
202569
903173
469679
926480
377056
326849
501956
289149
682289
324946
717686
852451
101594
559635
650267
239895
839814
655906
361646
121301
767513
358463
92758
673689
809408
316271
265255
513242
557550
7830
642651
127500
386702
424651
589064
776280
699564
305935
319899
243811
316511
758952
979167
352084
409378
626248
587262
812491
570387
42563
381692
594810
299573
6147
196064
215952
320230
814703
931361
356998
651803
68014
141765
603448
828152
684403
176900
783457
130368
596508
460894
203637
569095
473434
30514
502607
52475
267526
440992
953856
149222
53340
409576
855472
254024
298505
709733
783261
828921
165580
514205
918796
568122
644426
218853
77232
677962
671022
850272
898731
416326
285386
855264
21551
171676
883297
545147
895952
302400
683842
22279
629502
543562
210055
727691
52985
304160
776162
648996
901374
216620
102599
966958
170910
27699
633091
851162
847491
266083
900917
168432
117194
261680
183405
295078
166562
188941
582894
175972
673409
983235
163069
127950
755656
729977
501029
542053
974593
349469
714479
855769
282235
853413
611887
496380
598609
658348
812789
651596
442944
517955
755857
538507
478280
430701
944078
427895
254059
240626
545113
719423
937241
75753
279752
650426
151108
248880
445996
704541
637995
661561
774410
85809
806759
254960
184980
888803
558193
459821
674054
825062
707676
135170
495825
170944
871147
825367
975411
663289
875627
297228
877716
69048
490261
663662
722910
852564
852686
280781
607525
907650
178935
254116
712605
424916
963379
411720
339654
163117
286611
940267
67552
619810
9123
154850
825598
987089
350018
635226
592099
209635
252360
357381
318233
502634
838203
473426
520022
281331
458560
574314
247363
48884
214206
545030
546375
872814
558649
489665
812683
944089
25888
730547
34050
898410
704335
78345
112712
594394
314161
96425
980769
800849
107318
261703
278822
54090
395039
440558
869321
69384
176210
472749
373243
161176
724152
693055
457272
886922
67876
265153
641443
999162
588948
913282
97867
407505
226313
160534
402278
528153
771165
600695
669738
542242
197789
487561
252884
952037
778164
780689
431541
500948
784718
513450
74719
838285
511828
229247
139751
212475
104417
341215
627094
977494
748087
419446
597111
430411
479971
456989
971445
839447
41819
293144
699296
1508
449657
558480
382988
387933
947
95251
969090
656623
438045
451667
250403
366950
242192
53785
650246
819981
716562
297882
910483
655733
118433
429863
191914
377440
754902
540731
136668
762838
505948
298691
86749
414954
134319
294728
461829
717499
37008
819329
127018
471842
406331
313290
937186
721999
440800
985634
634791
535977
679651
499440
531341
630900
535490
285356
812010
27119
553122
497109
366813
381800
488060
796701
551582
704545
397854
919088
308372
407099
44961
986674
667127
654524
593511
997067
266976
555837
253526
798511
751566
197650
486823
393356
480567
530075
315813
362981
185088
572781
305614
333330
145187
78194
871364
498767
949064
75589
821324
520267
807578
558551
101933
60184
144414
471028
917678
595178
239025
806883
652072
282768
285169
842157
570395
259029
113737
575174
247238
419500
383101
320020
829513
210120
650805
425363
92711
606527
425673
987475
572967
919099
900713
72370
447974
190160
196259
543652
46583
582376
867550
325583
573595
440742
767336
201093
161544
508499
441522
381376
907358
683018
4696
330104
328967
570031
258199
931365
454704
792082
401176
930098
364692
952218
5751
181328
287827
927862
569196
843797
195699
665408
149056
665167
620669
806559
508993
734779
318581
870975
94204
816656
486073
444816
888153
47848
523231
11593
203850
719087
913583
397204
821778
520830
923939
372024
31014
752629
161351
724601
881864
726828
353972
140879
500845
964232
827832
66110
480877
556695
56316
625946
214562
771246
677055
19013
633549
659843
870739
667972
249311
712920
745561
158749
428691
184428
884200
405968
92441
860555
119559
46783
885211
968596
177023
4106
411072
555116
942343
87053
658452
490991
673212
58858
80548
746327
993232
862544
781063
904989
111133
198171
334984
812396
847884
946903
64080
955386
371359
269090
224951
818750
781969
733403
15347
174659
868964
353844
374851
637037
490915
425895
594312
156383
615268
889155
250802
181186
340191
53080
442694
188030
310215
33316
990580
211567
964282
623550
76167
40856
192894
911424
80836
485072
375024
661045
285037
728307
400909
78660
237736
122350
38151
170043
520376
70205
392990
310171
315128
177749
365264
737231
314274
140850
277021
567833
608815
975781
662862
335880
311447
501781
562599
510156
14067
720846
971020
339581
730742
771946
56913
753957
593580
138393
52562
80859
587127
893053
52781
349538
83783
711521
87493
294685
44270
472555
705803
304630
865150
6140
462288
357113
851421
796269
626182
11962
784877
837331
671919
123865
959611
228339
548362
507930
744515
635644
499714
275847
129491
755008
839892
571316
517027
355306
274509
308264
880825
428925
197820
738977
913568
794659
440793
719512
704542
828081
28857
981454
520643
201071
937840
444579
314807
941603
916407
895890
593188
55070
887976
806262
916171
246082
699232
124521
258404
190801
359083
258230
718980
589581
252914
180256
374411
714785
48284
35879
957599
5359
559831
992576
448647
679767
891283
298418
909651
786330
919936
126820
66121
721217
532178
527628
274619
559917
613591
637542
730656
148548
118241
356045
227043
331941
648024
15872
527559
481550
182360
469108
532382
660645
202020
276509
153455
110125
222358
602640
979295
847192
592957
29353
880176
372687
464225
697174
591302
191470
340773
558263
372361
334107
477523
286274
3178
960949
448558
109982
414305
773851
762387
903071
786628
33198
394651
990568
705260
724216
141903
321410
172008
561280
544983
144292
972147
434107
704854
298595
328142
274356
3779
744310
103453
538878
875307
461161
296839
460948
279793
447716
292299
578055
907517
16820
939283
593283
130688
460850
951195
761463
753116
179711
847859
220327
833940
500383
48473
13483
436981
781362
936164
941764
322140
946371
260007
333568
730719
369582
252343
721215
857999
833195
889740
589556
359106
803134
331992
974581
304411
549009
852250
372025
869925
443403
244804
958206
211303
22327
486205
386473
527272
878814
654785
884450
147303
171163
907911
133863
446983
474312
25402
82798
150247
184283
406692
105669
410792
458775
619885
763609
917910
398222
204264
582872
339784
724967
526985
234893
983846
758766
464868
76174
398619
17679
278632
449502
35152
686538
471152
495130
57066
515292
783325
164641
705693
878428
257612
944170
801051
145738
178477
716930
97132
908943
562560
283149
845984
367494
58496
280207
767913
575503
89064
161780
395493
755347
940590
635294
906187
302758
443432
547042
485746
979406
57954
431013
962800
102341
91805
737291
484521
678712
193532
517329
379459
199485
68180
613911
600661
881044
787917
82092
2809
455439
549599
222204
744214
673289
364470
715729
950181
261970
670841
718631
995612
692946
73961
674669
65866
875072
208419
466645
177221
81102
72255
642527
371127
122839
911288
360093
752709
350215
931225
159917
26500
622820
93923
724943
151520
902032
306234
66852
240967
580077
656932
723596
361876
754305
805162
138917
893422
383444
868925
504701
515545
312468
519456
733328
706345
356888
536423
2994
502369
247081
803671
386550
974752
75272
9973
801641
469911
727934
179325
761110
312262
272593
169991
328313
961352
399828
986527
255176
593258
950374
455284
170269
985532
497621
976635
757125
709772
610199
483100
84785
431787
530593
389338
252353
851981
397085
236173
843441
966609
245990
947473
456347
957741
232931
180814
892594
37853
722595
587005
592605
683814
252646
44023
396875
500852
33833
508622
178180
987611
395337
938529
354501
335677
950014
748663
151373
666815
907558
642298
69445
496497
520309
863628
300768
600563
133519
130151
13914
189262
668995
271814
587880
477598
805630
620368
14743
802898
542514
827078
846981
252592
589570
59397
110914
354582
756039
907277
597119
146006
861949
446137
840683
606569
829781
622641
320989
674931
495178
353812
476448
688235
513427
579473
350732
990949
142303
597805
425717
318989
66031
647497
131469
754167
739170
1069
210633
608857
355889
875849
158518
519957
582386
146258
934438
311400
372045
284695
323999
328506
603116
321351
547268
501393
634422
825984
995714
933912
252130
919512
705197
335984
879850
816054
152437
370802
629855
670753
121063
927179
745641
628178
690
115746
903024
648354
542986
958991
465575
163142
666717
763050
390929
872810
848923
552230
83447
881734
479511
772519
537679
523177
578769
887074
331609
943707
898693
560573
266510
200420
93715
924834
220501
827325
750387
68197
561961
873536
517975
747839
38985
125974
406394
280904
279431
794388
269686
194571
481974
847489
973365
658616
735778
571719
870990
815610
570781
481803
604797
890849
661125
617435
837972
38065
318970
12120
862220
804021
978446
112984
410794
862711
4695
51170
892329
379124
293594
252574
511432
320725
893932
562570
73768
80188
634919
53401
847875
869950
274411
98776
806521
662423
196698
640978
608450
307443
568736
260465
993063
256728
413928
644558
752228
322083
305350
170782
200980
541199
792322
392061
342373
234774
43611
482242
221241
271298
629307
217822
491407
251737
337995
489777
194134
637154
631022
947499
799795
121490
26726
991824
231894
709071
815495
382021
422513
888943
87786
363623
268191
54787
82854
854252
899338
603140
115844
54305
820602
717653
370872
221237
185988
352925
123683
748960
149905
658304
879223
227034
285612
682730
570889
24182
122669
210502
331850
692524
384639
788675
488812
530152
434781
381467
696805
667148
369488
591652
633212
960035
874686
34100
174219
335419
759961
953933
603851
463296
423687
51862
222832
151840
864523
417223
939131
673939
922664
935063
976506
405634
606812
419673
684626
621251
31802
726618
205118
227193
711
385482
998602
240779
657134
71490
462762
402762
30260
19260
10495
102327
354235
505478
455982
860316
982353
813725
769000
850330
658286
638303
985769
386570
117674
326480
428522
914461
493948
973670
234096
483378
194493
182596
249364
829316
939176
991543
145654
252415
695423
845685
38068
304298
340644
232426
252264
741331
594594
513820
96631
424798
687091
966305
372993
618494
226143
385160
965120
220484
247588
369196
630551
849331
728894
537863
730191
346279
351829
164303
22060
590366
326347
406716
66696
890968
111081
839759
922778
238813
837384
116225
93002
600266
81782
123862
879185
806799
178918
935997
65794
309852
605733
417064
786333
210551
944680
238221
420228
194167
997660
828784
116736
481667
422784
951560
943763
982137
112734
744388
375156
894556
220953
362552
62015
914116
394039
739983
673970
465742
572809
958243
693934
482425
630218
528740
351789
403921
362807
147534
538165
645926
26465
487505
836600
334798
107788
174189
973919
131541
624596
733629
653959
137079
337377
13640
54897
583757
204853
142951
67179
335184
39487
208558
260426
239234
924453
272990
446170
598532
205401
54780
609607
880526
347300
415498
525060
86522
30179
30543
571621
977964
260436
866294
658227
572887
624272
215095
241359
694448
242744
893766
862519
843095
608414
793890
687251
628263
681515
441707
947695
293136
203058
501440
368179
695307
899911
707580
391756
354449
512302
478229
928886
878769
359795
215829
300939
739769
29388
221823
311600
634892
891590
991021
917921
410876
865441
1135
130908
722440
554114
6549
75235
747497
4306
948207
670493
339091
943969
637074
491571
979709
297503
85794
945823
824908
943762
687250
154389
38995
588858
105272
860658
897567
457593
937772
771382
110059
175324
536529
547648
944993
681076
636054
789787
569107
445998
327882
526882
16995
968266
708753
621990
119035
82554
675159
363695
324255
533178
516008
543792
117235
311500
25111
696482
190781
75317
786670
621430
21028
82237
169088
900835
748685
268372
140532
804077
960348
153307
667173
320210
770688
44235
218792
31214
841708
943830
261265
933568
657642
383291
513809
376784
822380
449886
376067
894829
125699
283474
655165
234536
330319
831524
158445
610172
895814
619165
521640
973805
531522
804656
369833
529630
932673
766699
431512
336289
408842
693648
771547
441811
164331
497067
434231
841413
480352
880081
995267
361378
458804
819191
616324
616390
178954
960951
718195
32800
979564
376444
552909
252894
145568
141642
358989
590426
948320
950040
991208
828897
144554
48920
691240
678105
294759
496418
22285
27974
524783
586239
775536
873090
478115
823813
12365
276901
999282
265745
26028
999161
947539
871571
596578
992360
996673
230350
747462
110430
351536
298128
932784
343122
770516
764094
129456
334260
538022
485435
379393
139750
866932
344953
376573
749954
908804
832825
554879
274724
66975
24684
490026
61452
565386
531887
215489
363795
898370
261282
45942
228027
605262
598718
932991
888508
717480
382115
54184
801693
354681
93706
188628
582593
554447
319986
440731
505292
86573
902913
150212
787458
216608
778433
413616
378083
627833
218534
77508
122417
768643
530379
256273
19556
679457
165234
715350
305109
535998
388706
140558
856465
33110
63251
643723
334425
705395
354616
76486
45697
597069
190953
523211
487733
805552
856766
359203
941800
911912
845412
153036
334873
857296
692382
718549
971238
608512
510345
484838
467879
677339
850490
995966
217792
415830
171590
734526
460970
91047
841717
789295
615411
664498
337982
53095
917966
363505
307942
602379
205376
633606
158585
750905
611709
748021
173948
955847
627189
73732
273131
463963
539433
158707
229589
509091
749294
625309
521080
443851
919965
696090
217399
494064
498690
775441
541285
559763
375055
834363
227978
36869
432068
959558
375451
190848
165836
806942
147452
381314
891102
689215
416573
988948
507490
629079
432571
733178
49544
790220
326087
108362
262597
856328
838235
629020
613325
2891
449976
752980
686525
183961
444813
575666
798347
606338
661309
548700
621772
1221
763471
210160
898940
289881
554174
639539
712625
867539
676879
329091
418284
90285
496496
688247
489428
840105
745609
786725
147140
816010
880062
89507
315643
289707
968541
36440
260077
671166
633593
583626
164089
149332
676119
402816
615636
681317
425931
23918
102309
885842
823579
645830
386897
607752
111962
351682
810442
457034
956803
782895
868768
310341
407971
981696
920573
709677
802807
295334
956475
598130
677032
54058
177939
932282
155230
202553
233751
74884
301039
447139
826508
796652
29212
574106
101712
445585
692255
855449
559200
602214
507987
804769
377692
667497
524627
141452
690862
261117
28223
635640
200376
21240
307867
476242
592941
616873
931603
804376
807740
850310
475449
154073
733532
466037
345473
17899
620848
151103
995355
15302
668519
498601
914091
983953
365833
998520
513957
807902
44908
369059
686461
702192
416766
684782
422597
82416
583696
349661
696786
498617
436680
835259
673371
80514
740950
755246
563097
47659
388779
552290
343597
551552
502153
407644
992421
368362
831717
688957
622655
474370
582441
413057
593992
603131
222360
465466
694934
751839
988173
605181
554648
998953
626423
219021
789107
973719
691902
907341
403195
645180
698560
670879
934113
786317
579902
178167
571182
710199
745528
656778
673054
619430
105036
25576
172594
892293
397072
867579
70825
664229
122378
643581
789014
492843
442623
962344
521649
370154
742759
425865
347754
787567
47073
278003
567272
212631
914686
674392
816905
837919
549420
424942
713734
695696
71711
685173
695773
468062
215218
628268
915563
261521
619759
884541
787001
993546
821403
609158
434053
396911
696902
999702
990992
244129
450808
36269
318027
259951
142328
130832
950183
437287
844516
298354
639759
497919
734838
751885
793748
304016
170819
620296
958801
306552
713780
527181
801159
798359
877837
733022
749986
191081
628256
357561
837290
948772
989339
606171
468516
871868
190028
554170
781359
605991
638846
336443
398996
129072
677877
556399
383954
788606
246481
394881
391439
445170
266161
185681
992592
804918
453119
697223
34271
281033
657253
475579
237495
89771
168584
824230
453926
319557
394738
150461
245307
680364
835183
863149
934527
436329
854373
656398
809359
641455
299789
130932
254843
716677
76018
553242
674909
366130
514389
51918
274991
128687
336585
701968
669602
417330
886748
194715
515251
834664
37673
23328
786876
576039
754700
535312
728227
254094
548536
851202
343804
532287
692913
582639
752365
91406
278653
233364
77906
459670
185612
514759
657790
799269
580936
985712
459665
544186
642113
484705
992091
324095
50480
668557
910554
477303
38609
585918
337851
578827
397623
866681
440142
956096
391564
394994
915425
243377
507520
366083
662928
840499
600171
165088
811296
866584
790714
563564
459945
633765
737144
912189
821707
287345
763003
874109
428742
970286
723387
753495
932270
342928
726800
782284
73587
380903
659569
211974
835103
120771
122747
853934
185860
673128
863139
291412
720260
833279
733580
52556
666199
322896
703707
156975
208391
522814
720582
934368
609277
156481
590146
542300
335041
155805
838946
255790
553279
171069
83475
77547
488492
305081
740720
992029
144301
169025
371097
234700
881632
449221
829362
635807
415539
795190
644818
204467
471229
84764
600866
199317
955993
777437
161114
643316
422605
736197
862792
996724
462421
639850
411881
874185
532232
144873
316086
615035
359773
688436
855044
181718
679975
360232
447745
600369
597580
499197
315712
613222
5470
469149
962963
532508
193344
472146
285410
964666
800720
244632
998571
158965
235059
342162
311381
976169
976435
665985
490165
877548
26266
590407
814017
669776
362879
468562
799002
353691
394009
581136
703491
601027
841649
787939
644949
193327
152526
660561
633141
832133
209745
183386
388205
170915
167350
869269
603195
749305
900606
266257
341112
727197
563119
214980
601867
341095
733123
657067
625505
817831
50466
893616
346044
588275
861932
831245
366944
520224
306803
216817
650828
265963
35886
637180
36181
963468
130707
688691
242562
279232
850103
657209
556487
128622
848018
549388
304154
744492
192523
465521
388377
374985
22944
587985
733461
204346
30366
102268
342102
869807
661958
858342
248861
134015
375371
478090
351471
362341
648051
794617
909019
219390
256593
287444
207381
739339
184281
60728
679894
330525
950869
541823
706710
155394
271486
925210
520586
951859
950641
364153
241315
600289
868058
417452
80355
579277
224525
285028
233673
482400
867496
732709
884394
575442
228623
590056
45789
16134
427830
373895
397196
73839
344126
661298
651779
342685
893143
830199
129177
650214
317647
997401
179483
133624
601108
898031
880710
273096
509290
830306
218215
876860
789738
354657
311636
881674
470062
812401
131132
201088
957431
316488
730281
91211
410583
554393
172166
244725
661079
928023
844552
797357
105312
160472
140941
934720
215539
487051
235659
467840
198603
507478
446580
96002
384900
477684
295006
702113
850726
673617
245966
319218
955199
740283
310566
135875
302758
992907
185315
821909
527036
459893
171468
687326
878785
928057
562428
896624
54534
709038
509920
623279
165995
238640
501827
581322
99939
813386
995133
200829
465729
293057
862557
698655
371916
720743
878458
849390
50360
24300
938879
450379
156257
43971
3330
672042
959509
601839
242043
234020
627646
48025
101755
574144
352586
667581
455144
47460
532284
584156
576147
582177
972007
17877
764193
178025
342477
851471
435703
359102
369203
852297
166149
286970
169323
168911
936981
999779
474790
479191
236754
96104
469567
169063
985621
76193
344066
624443
879773
337759
994372
998350
54211
891036
411306
965104
450031
79488
728536
522585
509975
47048
876357
206986
349558
51322
195472
365766
619608
307617
919735
732488
215065
914889
189188
648088
15944
285578
712381
411637
855408
421429
835422
466622
300642
547762
464273
675850
313453
105806
791334
219136
338145
449411
144958
189875
36183
863033
776467
285228
443303
680992
866036
583517
920832
193168
965213
85492
666262
239273
283545
425384
67105
644386
306626
618417
596716
975360
631564
815412
99715
314178
630933
352550
401359
692917
982465
937029
746910
884833
238487
273538
37904
686638
830835
608179
794603
701705
792503
173460
652562
58320
112440
477365
460282
835973
495100
723984
984328
263698
62529
816448
577862
152074
366108
580648
323893
747819
5396
592075
654461
858346
621401
557159
596803
476606
288537
209303
87214
338327
96227
78607
380732
396489
388567
828721
971024
563048
800522
394857
105909
977072
432602
587972
993534
597195
399340
621278
681558
560017
642885
582215
836822
660683
994453
386101
884026
792253
401046
867622
242077
991009
179520
336468
685608
17428
794074
575714
709297
775650
685399
431077
783267
415170
276898
964408
786061
410412
94666
609077
405010
82567
264581
858994
823892
852232
623701
642011
359758
297820
523289
76479
77448
845028
488105
149097
631746
227860
823462
426629
37048
129644
561240
869906
45584
566262
898655
561146
975730
686605
610671
190511
242887
485279
452032
656810
868721
321056
140804
960760
472581
296877
422897
387874
357554
987317
348849
460601
209922
605713
192794
505191
988423
512079
459162
286972
841783
331327
886982
705723
417034
8443
503133
592600
85899
213933
991790
871053
116598
689999
629933
999154
101248
899656
693436
990287
329247
379855
230531
215151
577482
579323
861644
633709
245443
911541
655670
874980
475165
882629
199931
249324
419498
294536
751549
45162
48395
786075
446223
416322
702874
17521
40251
397875
818672
787172
776675
828013
362069
992863
461357
659344
238977
615290
994426
930160
119814
644266
608958
680761
748909
147874
116175
265762
609874
174969
487514
482034
129679
70825
567702
936296
889724
435632
943312
28225
332658
847192
713785
215131
941428
287365
186301
304691
505558
881012
248560
483961
374002
565265
550562
236733
635669
82143
306212
59277
431973
799676
366361
992564
25726
834038
961427
901129
886247
50761
82514
348949
834721
638499
559337
484164
900584
798590
386754
588542
420177
568941
451871
65507
914939
313128
355652
620937
95662
411735
106410
514401
962274
611581
271787
788740
414509
727378
763059
186952
265825
194996
302482
988244
778833
235402
316328
943936
740286
351562
643180
303535
878099
184761
114161
748573
892763
85305
549095
11333
512067
423906
507315
759982
103830
490462
288629
430582
458106
577277
201788
45085
787700
784042
872710
346296
94721
882523
876293
72637
8195
293936
65012
981800
