256463
514019
940887
811642
78968
243803
833192
975485
502394
173192
102507
184147
912640
645512
185754
766943
87619
599132
57875
236806
844809
273595
682125
481568
931539
308132
471277
968557
224957
692000
72181
63227
624369
821032
382717
414056
236816
303117
445538
825232
372951
791392
321394
790776
42859
958359
902718
292226
446533
129
220779
838434
732440
656940
777202
301820
897241
912299
756873
548562
691320
229369
629402
653845
391027
618168
499421
740191
917101
381833
5407
329657
946370
980491
472965
994317
490311
133720
566242
136538
640775
715040
252827
635573
59234
718887
86740
217023
782483
299055
23299
417821
587052
156570
405641
240459
217191
559324
325678
497145
539361
540999
666533
587056
571427
293074
579636
737585
428632
659575
581861
840495
858676
245226
145170
545190
86264
279206
60240
520189
353824
895776
836901
100495
100952
742528
353967
750043
497030
652281
978291
353591
782518
725038
840570
504107
498137
638725
131911
292356
626103
481218
546124
843804
354551
198038
810072
439028
311345
382297
181940
645299
947580
11544
933568
980971
196840
98976
103156
351463
634467
721748
917498
908665
788241
245476
422247
194437
3780
985542
480041
442111
65963
622589
555590
474236
431458
507908
620907
896556
545536
345384
927833
984876
526013
916427
814492
116130
282728
423970
80746
967236
872394
970292
100319
808555
161201
274146
372959
2361
134652
406570
487646
925590
106545
931779
797988
217575
672082
527514
682274
778527
789172
944106
384955
122346
678583
393991
848594
432081
222232
906978
603998
677230
69707
865762
881296
650839
492943
350832
402915
186157
822551
540852
157165
662115
721594
352063
424117
306507
239873
3883
571960
792565
488525
155971
140277
75406
696717
596998
498764
516437
659607
269028
360893
132247
849635
422267
25408
867481
798218
103811
294250
602898
200162
324800
183230
31667
944083
620762
603343
680147
505428
901279
568575
82569
367848
305134
377701
1445
224950
92070
397520
897420
995270
572015
577679
253867
289770
177967
28386
63421
903886
778470
980422
200336
71904
256161
39871
769819
900713
287509
594728
852382
422276
6502
103410
739553
759714
518733
317513
552159
3826
740639
56384
62230
821525
433154
347193
762026
645531
963183
498109
527825
542215
126786
735894
960048
331951
34355
861937
506561
497934
906883
505670
804782
647082
727234
674546
560589
675805
404081
301689
816443
431745
115756
693692
431999
96197
294473
799574
494385
877779
66186
200626
662023
939227
582238
393066
573922
440872
660724
857503
287061
723233
194441
229636
504479
865799
64947
417804
595792
998401
304430
344881
155271
669836
618520
419177
370484
134684
432961
188122
725623
451532
740776
3963
624779
64863
190295
397471
560891
816738
45570
72639
840459
463630
983670
815683
970888
710851
848301
846360
783273
405893
101385
624387
503195
227857
637134
771680
731368
79630
462735
657021
531516
168277
11077
662159
32444
608320
889064
967435
40172
740317
431021
984565
620080
961694
57185
823905
237373
374163
846217
650574
54205
456261
919954
426208
667422
924416
820613
782283
631011
364531
790410
738575
177675
717867
905364
97913
502941
511229
995616
774912
297824
952198
186967
259890
555962
296073
170635
271346
117078
359810
418165
919841
941240
915795
253683
45302
766764
416996
536439
519193
888710
467522
898661
101817
827212
472163
510764
308878
494511
923698
890704
718290
430796
433930
300417
158999
799770
441353
952073
465841
380897
790414
81769
353919
210554
562044
450677
73360
150195
411777
236877
222921
808387
395935
804729
410815
534844
272173
492565
963936
587475
757481
775984
72792
814803
911691
402994
762125
224549
862644
598202
520127
300720
701615
367530
549904
235444
369399
478176
939216
614328
263119
830117
466068
834308
840279
571150
286162
714702
493486
58218
908634
845717
817363
538227
597901
989207
409541
456039
178832
715621
123215
977909
683941
603544
480188
395669
130898
862926
672155
240370
285755
450674
924020
353586
519935
446429
626124
579289
452083
28669
71556
886258
187767
549247
553910
483765
145779
921648
514528
691856
353081
893697
199546
695843
575375
380009
123414
520828
375018
593216
264414
822137
798838
741854
98518
370791
897731
779154
465396
916380
546992
344497
978519
263184
251055
440936
247361
41098
888252
745653
653077
597972
896835
812868
9721
914248
124230
400743
912008
438320
380207
166908
712260
407288
732791
921322
892029
902178
855089
978923
346908
540004
901330
477797
373757
322288
883332
324669
401550
567033
405206
444499
649490
379097
292255
761508
620171
715348
869765
674593
945773
125624
96293
355886
244954
677025
995332
284161
643390
543072
905580
422482
552009
817005
783221
66268
425083
459786
91726
233982
594372
895710
116989
238752
303136
401969
13166
514454
402941
987814
248253
716147
818112
415153
731586
52769
498683
117644
312656
872152
984596
911979
455822
447589
444904
552559
791172
390982
375946
277104
312476
655747
843497
847913
987780
19733
439732
451976
703285
531207
80723
788557
553655
233636
182756
223094
911303
604525
538496
423997
183691
173951
355440
433883
763950
276173
822395
915094
107749
70360
481700
638646
548044
900057
614885
667491
729547
883505
694310
385841
65371
536507
120376
838316
767702
553636
978403
231856
292494
340807
814431
175246
166565
47993
846249
898753
867929
136412
377069
831002
219181
719993
258305
76594
99552
885207
90353
163933
444952
549385
146879
359774
221494
380759
603819
110260
211288
574657
482101
501788
519309
305516
404725
71529
243699
322272
935160
395404
562747
235692
956058
989997
611827
450840
515061
666355
894573
555446
645380
264999
14201
569601
795224
534334
728841
883445
692280
487792
212520
883584
729969
663020
712038
276348
547207
317055
938999
402457
523324
102672
69505
176945
774696
555845
549207
820194
242491
671386
761558
55219
715696
88575
552552
73332
862854
414028
688673
347481
395950
949956
627131
138741
11551
773476
248878
515831
457764
392157
186799
62706
936647
71385
297727
928347
141970
561576
198775
801119
802989
223524
115185
367171
686598
242870
54834
780135
991502
643968
835210
547298
382151
680118
122016
565251
460705
279826
338946
627596
629227
888559
850673
827492
707319
3070
570911
912130
443378
461752
927312
353367
130342
251416
776304
676141
400232
899581
929598
1056
971612
583156
314341
909614
443094
865121
95707
660941
351429
69283
419518
447886
69825
184907
327556
988515
744693
982909
656892
829780
921232
222405
48278
627413
370509
219383
448272
838848
851923
880619
469755
675104
264285
40662
183356
971177
326035
896585
375577
389629
945755
4042
859495
743761
257779
774658
764340
636098
347840
6926
466283
492104
672594
203216
684973
296483
690877
516831
496678
884851
536577
119769
36105
600854
740415
814367
285449
917743
826728
499713
564322
593406
463073
827571
973141
899719
371525
542185
406576
614051
40236
345105
414265
222967
663702
481582
936721
411988
590732
540344
838510
523849
110996
960380
758954
395816
898932
79153
121159
147092
477349
617241
848053
107873
489924
76309
22150
527390
830253
630525
252438
56188
530613
891763
405815
740611
61776
739442
979796
16877
348068
660252
260150
99255
835906
498762
329988
675228
115934
726499
125350
820
847390
509519
601671
323383
462531
761700
952837
316968
188070
5062
491149
136024
367458
522296
550234
525701
33004
440918
835833
505028
59749
974092
347828
174080
591509
345255
636443
448158
558322
53140
606109
476662
468175
256176
856272
481611
615492
697736
944900
319600
201690
543344
94271
45000
185221
173927
813817
585850
915257
87308
48481
595375
218568
375591
699227
912994
115826
173107
591588
422090
477610
473054
378774
780617
925153
197586
246516
155536
479048
55765
122743
323284
273890
588289
788052
661078
885349
220135
200772
798692
283182
978889
871130
466622
292204
454325
219956
878294
941917
115764
962160
347405
630776
49130
748915
985
758698
945519
182828
522373
366156
267440
337293
349829
615565
620125
290501
610011
357455
63431
799077
739542
82473
253183
908736
246241
398435
872748
260895
172214
399579
734858
501266
485250
234040
953331
381798
174236
970445
560960
897619
8890
577849
807774
969907
448753
811112
290634
25381
604077
469467
66485
517136
724173
787269
974826
929024
447768
66608
792891
678701
743766
251137
465902
402057
991211
694882
311562
448144
404809
440461
373410
24727
484860
576776
852585
487848
877798
124647
893436
490623
12796
909353
615106
36037
562318
71822
923447
107657
146768
495238
651812
414247
557442
122962
335174
639430
892537
475205
479407
615726
578782
697335
302666
260051
916549
418782
314198
509097
584998
815342
309577
995823
163223
703665
768587
434555
39636
501652
608047
270392
369760
394849
774818
886791
495316
845953
479252
926567
379752
331688
238006
823547
474621
764608
856282
420263
521901
246324
650615
67748
279111
889891
249517
886625
585727
614035
420431
17072
425273
176183
34518
881980
683750
437876
536490
16055
1436
17073
727655
119537
527748
50753
21402
287639
704060
597278
656128
571369
89167
788908
246561
577984
223144
921069
614611
70767
90786
492233
393450
820916
841554
135470
548738
721734
916524
953188
497508
273894
475843
351951
990612
471202
511403
444076
541903
715150
794561
27893
714692
79342
788222
382084
233096
644658
704618
314129
688037
716452
221723
852491
538014
853070
818539
172593
202776
264726
371134
131724
124841
888491
509884
519583
104905
767023
768004
921910
148393
283540
150331
3490
23978
278351
84625
420871
113785
991401
219827
274646
215333
362781
553754
717164
881608
581695
457088
622886
357931
211556
216107
889673
400778
236977
906230
514486
405475
16203
330993
623866
260655
619991
560594
715234
167329
255622
741737
869676
51353
771357
631969
734062
946581
655259
398575
153595
983691
355110
187344
260558
184671
485822
872775
401868
128347
18673
553486
574729
41479
380528
435777
595071
610952
748922
845097
981714
689220
3321
589547
428186
711515
556900
255018
374131
58543
801493
767374
41630
28903
339311
605032
458829
716489
626753
827855
820436
855232
932940
879868
43619
980324
336178
318640
736751
632344
265551
839849
919623
549376
506158
381764
96914
197303
421415
222688
560535
792855
453741
84854
553691
604595
925464
13763
97978
71014
328431
427640
967030
387500
589811
868728
429481
710098
287401
197845
816297
369054
838062
736476
991870
632801
688230
112110
875878
862302
273964
653472
157237
462785
234668
19045
796136
421575
990234
515779
431159
396750
941511
378291
892220
396746
855961
250102
498755
972537
11680
419205
508201
300788
650775
330343
766174
259054
943965
146215
829865
517129
458179
312008
979256
615135
589029
64085
140508
320202
35330
510792
295050
515927
763011
760952
445349
957067
573257
101950
763343
420882
563365
317043
672765
594076
973407
449127
131588
688457
971249
158732
236881
87100
101824
401981
153796
961241
960964
518785
522769
194889
373307
140225
614189
598045
509474
33851
654263
840405
291017
510407
484343
637200
21692
543984
878875
562772
947132
523759
611939
64928
436193
146550
398207
714356
992325
108815
897875
292768
353723
356073
970902
284591
146980
436917
16046
276286
795028
394950
685982
198787
159684
86058
298513
343764
737065
185557
614428
928300
711453
568332
632532
425917
277335
926941
493230
652586
978995
856786
762712
727862
778536
397009
413006
304603
951244
566600
518050
719675
142203
971862
874204
22706
667321
642584
604028
547729
785581
562966
779194
492669
604779
610656
981677
473465
5544
302720
294412
541978
692098
605156
596495
363481
333595
336154
581288
376867
588571
717448
837359
290599
866790
579111
895104
256326
700448
351913
796530
556127
438270
5618
739966
167564
986055
726102
731474
689654
144442
125826
347997
809237
927305
939645
15667
9558
851755
631027
725285
820699
154346
912562
386702
168430
683094
144166
500396
680428
107111
25212
793251
150448
503053
101167
929840
726127
167744
460127
856918
153456
53580
788834
718391
815800
320556
700753
303332
56554
201354
502461
221933
60828
637761
191717
848964
59373
580410
622944
794579
108092
831157
345565
355011
661791
775393
455771
592650
712544
24174
668995
847488
82423
990351
433843
253805
268296
680273
244094
753134
699365
777006
177111
859338
926595
271012
970467
409218
404444
898775
396983
875049
183391
744971
50374
907830
123175
938155
753092
199879
365688
631864
694581
340433
754707
399703
17190
821427
151770
998582
241125
95409
316282
938562
317225
797329
561895
881255
927788
590840
955423
610333
407136
203124
459377
559991
98973
804260
926277
424133
221704
287051
335810
728971
9983
587047
688923
114229
761289
355520
100336
864511
530131
368412
753551
578731
666581
510251
279599
132698
680793
544472
765109
848554
405301
325440
121247
414347
142501
956010
984423
574735
144368
901382
358731
470581
656318
642293
907104
340200
699574
532776
29682
820756
598889
399486
699655
743846
772303
181383
415498
100782
130170
745210
880886
329634
882861
960767
67817
938405
725667
404848
67827
889052
171918
97110
973845
41638
82383
652176
829926
232628
680635
617328
547316
473832
384871
481562
759199
999191
758641
295117
815012
149465
262627
877261
488059
283490
109093
645386
759993
681647
757827
11566
639588
436425
647544
248148
127445
162260
334254
169118
759365
390046
373802
137527
489641
518028
610938
868452
696668
742923
307728
667180
517584
798455
932977
32396
839397
525098
599298
954875
147952
792533
157679
446389
725422
409421
497555
894031
612246
19758
362596
894652
304871
160687
926360
657544
88554
708805
251409
902225
431740
305130
237920
910914
480150
303357
420366
874357
285886
361674
558580
103167
256453
889811
102686
232225
600487
350914
266581
864822
235661
441240
363470
461557
15702
740922
313702
980567
961198
7823
528116
706278
98652
564618
513200
764874
471772
495340
290073
715767
424213
88943
692435
275282
452386
458931
959333
887668
896187
274489
821745
658038
78706
594346
374485
921519
262548
826536
230289
300921
489975
311052
357315
592446
953564
319051
676902
712552
480481
585765
37488
139442
249111
709983
850273
994135
478029
997621
369017
675165
265539
488331
419358
795668
681524
290151
830329
751241
397222
468943
141464
608123
441827
166427
425577
332432
9544
313501
595872
908710
695314
869419
856954
386742
30472
198099
942022
582399
905316
648658
203927
280647
848877
17923
556242
723093
537258
876909
810885
853823
598871
896025
694892
776454
176671
190216
903598
880108
744749
129242
249335
181433
616703
91685
912978
230450
977157
723243
947124
385778
346392
389257
120185
95657
809840
666837
14568
637097
81204
302046
75070
575391
498584
218217
808884
982586
485836
416937
249952
145270
317202
439460
244853
477703
654073
412986
898219
490953
732266
768305
482345
116281
257810
245583
332375
155270
626579
420602
521410
262986
919606
68364
86438
321083
251160
761343
329132
746437
555408
794132
830536
866355
318729
819956
100515
509492
919523
857208
822293
701692
181313
943957
655576
47287
692613
871205
594963
169518
712383
99181
203887
703120
713249
154050
900912
376280
655197
156671
342120
519112
115996
849964
333707
205647
729394
71274
695524
202450
955170
2822
671756
573531
194655
381223
519875
236304
531308
520208
843836
113884
187195
743447
659849
898772
58662
976597
808284
959667
567353
423005
828287
517083
997448
367484
594790
530461
513646
603374
927926
995044
648245
353824
516205
386646
831909
307064
522610
990115
424719
686383
144123
260905
340476
65246
367626
402112
581971
88460
930358
178971
676323
859378
728222
54876
888053
300473
398183
83026
286115
451750
351949
362087
721701
150836
414247
928872
699063
2040
174334
602395
561097
447268
990653
680466
395781
440830
615440
211177
78441
773780
673866
185616
74222
915548
41529
390976
272151
627776
863586
415949
122237
398193
322541
535884
232089
695620
10804
613292
427822
184518
947212
998099
911221
632309
951780
939294
142048
86834
265974
311072
355733
746520
557797
241746
867499
892624
522340
659479
764033
118530
420814
707495
103365
793632
215321
676915
585657
72690
118325
586956
743303
993424
780066
360780
664987
77104
731851
461552
783513
682641
398373
159269
935556
407413
776854
336482
484268
191184
91130
303909
148198
579513
655668
364879
160325
278300
741613
44584
630445
796098
315567
430841
87388
821000
881664
348175
360793
745108
271838
776808
135854
38789
176539
328039
250135
57830
966996
381098
638931
432109
769621
187110
711054
389511
743771
708315
940340
140220
665098
953282
561839
756319
658730
200994
397622
417012
525224
196951
911467
246103
705557
957040
269588
643
702257
235298
713701
600526
949413
521865
434487
42203
37173
89875
858475
415458
541356
350427
89009
383146
516985
832145
49674
501148
780988
963217
916759
368393
362752
714258
991992
348501
49733
708638
132336
873616
414145
674254
712402
389928
693230
391065
340329
218248
35357
543190
949276
390994
542875
575891
438461
882643
596788
586696
45404
492942
593594
995836
704278
936630
677821
143159
807584
221998
848922
946537
334814
125080
146862
432240
149984
277549
753604
913648
840379
680593
926951
888839
399794
468132
927362
716819
809671
410231
317869
419109
552312
735537
45846
148490
232543
392192
196514
789530
102212
456372
632862
484479
169296
812043
937273
416815
221103
71590
580496
670452
355159
272022
216865
187944
622542
360916
148118
108060
557989
61289
283037
641786
822456
125580
778289
425327
649137
893358
56465
853805
415423
325381
396131
787492
195274
116139
953390
606315
920168
762763
911753
145116
643211
881114
636659
548738
648636
774369
759056
893072
575419
662525
321274
399649
497599
858799
530442
644856
307895
382514
207541
509547
610671
812318
673432
926551
353138
470048
556552
165407
648750
788587
611210
974800
571575
760830
166360
382739
945018
916065
128673
572640
243467
260869
774944
374563
491561
183051
140185
932425
280404
856124
326
164047
458014
351246
547165
252404
37734
411227
743329
473430
802489
85052
123738
347762
267450
131169
324747
236394
801528
902486
608826
531072
641913
696592
474439
803534
146013
930637
480895
435169
698785
591604
360565
568763
949751
229734
735284
137550
567108
330266
887635
70737
681579
981674
509899
209850
377799
703373
551052
624223
341777
199626
53618
281432
351892
360495
51595
725648
659922
645739
862099
237057
509668
853963
309563
992943
126514
478903
827013
921303
938651
938958
359860
816682
309354
278360
872692
702986
152781
539295
56414
252639
111183
751369
946670
713282
478660
681713
463121
113877
458079
653841
709634
939009
204232
837329
792021
174549
574952
745847
414198
736941
683220
743059
41927
952887
766732
997110
551163
482914
528842
290710
62314
398209
374328
472053
14018
981572
451919
7292
234146
744398
612062
744371
904136
944266
836730
49195
364814
401191
511890
435073
432698
175682
209929
216401
188809
357673
903238
748886
958800
338754
183917
123798
57348
649814
334706
942819
725712
72946
449099
572567
160298
364726
889131
529097
440927
695614
581426
895099
326274
964399
572679
746906
488788
8407
710624
824473
439168
614567
647560
942238
36480
166311
536315
539403
875050
142485
918450
902841
887088
59141
766807
540762
477479
882648
751114
740082
741033
39516
49609
938310
64294
957514
431520
917145
3559
905905
159719
371623
785417
901073
848676
428054
17779
988591
291732
34527
361931
555290
183236
799899
957048
34688
451102
674893
699014
49912
392808
66286
212161
980776
654946
297918
452105
405434
900442
231086
3981
259558
344381
501978
552272
357204
653504
814795
477161
538550
239971
899359
601887
763895
622066
144476
468689
91761
274831
103155
568450
928757
87232
113189
979689
897688
332364
667822
500695
804378
601487
826133
540101
810401
693303
586130
321762
840161
758229
183605
877194
194421
725243
847615
427792
562447
929779
91017
105244
185555
320059
653539
134449
675573
836283
594857
673673
24857
579924
115118
886700
490432
624522
578893
950520
69769
701579
841488
781398
693344
714546
264596
671640
909352
980424
241387
187317
721826
682860
484938
880839
601992
856769
942845
975892
279525
907461
320500
346532
21134
15607
678137
857701
36305
293441
579988
923900
707172
521230
452857
275654
994131
693929
47829
468510
540914
871228
691324
195011
422561
922065
956955
297127
17464
432490
891881
723906
825107
529502
110201
393932
608505
601373
980491
446320
736473
349679
150526
411182
239358
145939
994509
951763
848485
337518
70326
699992
779024
703196
169291
649496
724800
851594
526901
991987
755437
430717
238444
871419
587802
522340
825493
211144
359464
33657
785287
712582
139237
12618
604688
829327
995274
197483
348110
575421
158177
670032
143679
519995
184417
567820
114568
357074
321632
26586
904342
192581
400477
329953
921569
108584
839696
944067
95896
546742
385014
710001
941768
563800
680743
470230
874440
39729
832378
876296
757461
528335
770938
655296
796871
934912
453578
350663
321829
243334
130091
770504
115366
860072
399987
446111
479234
851602
784610
107818
207226
880237
620889
93515
438328
941920
415529
670747
556840
521390
772754
559915
334661
385663
810039
449124
512586
802565
409269
764836
103605
138612
424806
162026
465912
390447
788971
479799
155215
536674
419295
644542
760791
211340
384487
71244
127088
460302
468021
664746
665089
808594
463614
25430
961857
584901
381661
138840
809203
592264
832479
964781
79442
837844
411808
911842
293482
215734
42123
509578
697312
913103
118861
835475
888330
398767
403935
589389
576487
657423
740292
118762
845840
88997
347842
79787
319595
78893
572632
78976
191796
167266
44022
84538
768200
172586
115852
307397
860837
141520
233498
965400
270700
756550
760449
607427
136868
505830
13415
130560
420488
955691
952077
515317
17874
496569
374765
29594
561689
866520
59121
570902
293745
801776
908065
849046
825379
894143
411648
675954
717559
481654
709617
206046
806555
585458
252312
210642
846536
171136
146876
604959
712454
307992
990466
701945
131254
545600
34681
384801
730987
291692
874038
608874
18352
818202
449279
462630
871851
388249
231517
745389
878605
861887
785255
68300
151629
852517
539711
105711
512079
305663
689307
5833
834436
783472
470677
92097
337078
522632
803581
61670
186508
536200
629317
170275
106433
143555
341629
939443
874348
147704
373691
564302
639201
352922
901054
18762
479257
730165
275510
653069
979640
281616
983164
821853
650288
91695
365726
776942
326199
423578
240399
633972
809315
11447
843111
303920
420801
784783
618471
559350
124844
216937
119018
344930
165201
414934
704940
683246
668848
459690
231015
245955
439377
339718
225682
677568
133906
867588
649177
543077
505037
770092
303837
989815
261610
723402
389673
566576
957886
623961
1425
818237
903752
683547
569208
901683
418945
493181
738798
22347
441346
893390
755865
556772
648570
774672
561244
816716
129641
833254
718563
619309
714400
177584
819272
204275
216214
74282
145024
910889
687612
142310
680716
224848
254113
28699
739343
917536
76736
604609
583972
798702
670689
493763
861754
210498
76051
765855
308213
42716
438081
166609
643555
140609
403060
391107
828931
386378
89669
327162
684375
977259
940162
144672
117723
681977
710416
684906
731843
950946
830832
620938
827592
802090
126143
198466
327440
901505
916801
565299
961147
76003
546064
483407
629041
149069
782414
615068
877702
661238
877860
607604
289353
68858
574912
612052
412925
833951
625816
294319
928537
610778
168318
101560
830169
265615
145461
808234
475592
32522
27839
600755
924443
230670
315838
508937
752174
841426
162841
428540
30445
718218
48813
589702
333064
455966
270560
394639
185721
517965
466705
661675
419772
451949
357489
183564
421515
649225
12170
201914
585358
270464
404663
687856
593825
480075
268948
784205
388406
480790
611364
25253
417677
11705
684039
833558
881273
15526
464560
514052
868477
414507
634265
863643
558717
471015
87884
794468
232463
228439
358107
731152
996714
802448
372291
358565
594315
94892
687568
726321
328299
59010
295694
303899
163807
31201
991293
145637
694439
606075
658663
738902
217276
174349
389895
258155
203537
922313
229978
159824
174510
252660
335703
501913
784166
285477
552651
577060
106596
958
727851
595841
806564
454314
756957
473857
748199
217922
110684
237135
638697
865269
745509
43145
935567
196835
137389
600801
744709
882757
755020
620269
845238
128066
490028
956736
214888
953283
579599
634681
439105
402457
750271
7047
640236
775405
558504
528593
911063
988325
790280
477104
987393
240794
88146
587584
103329
770200
513423
224625
24347
872160
858045
727207
873268
201718
722536
69709
903199
610059
276958
74240
771139
685725
703849
116698
309078
265042
702653
347049
161257
874058
160589
33358
868226
585509
582464
223054
822047
273858
92729
700524
463468
864734
611349
416790
894144
894154
840310
187322
862934
680089
93966
715715
265645
928007
178087
415550
96389
446978
675190
934268
813482
75049
783809
427963
683503
826675
673019
146681
961245
599705
107588
55075
595615
804701
577407
389723
392772
30212
459305
208874
416845
346830
174727
600324
670295
697717
959334
464630
386579
762024
874364
458846
554734
608757
830528
638273
644512
551038
837442
940892
470205
69032
953928
236341
874147
232316
275663
60139
630907
934191
734792
235121
367510
820647
722710
387530
458007
682264
255784
905846
345295
884669
428659
481638
795560
637828
89735
527986
935773
197048
143937
906830
445149
722353
573091
550885
583482
16147
747595
297557
81677
208350
685298
266219
408635
643631
299345
999769
526049
354552
832463
710070
774331
642725
127421
991499
787796
70159
279471
131506
497530
306166
35426
480951
357663
533796
441296
575398
177835
163398
607793
206849
222234
88323
115860
37452
589487
385179
334664
276844
460626
660809
577329
2628
746038
115126
137678
598926
692803
74025
711508
270239
29689
733357
142168
198958
265979
26570
649251
239019
982410
388977
29905
445965
3296
950614
23526
471385
779706
546544
414984
408878
977524
76424
114470
250310
364311
712312
119983
614399
758731
251157
5599
81977
511119
786927
710977
260658
413961
706815
409559
305990
811164
494567
810709
805796
641728
322394
588060
186020
599022
636935
485982
99867
415318
75919
307584
728647
175832
439264
437187
188376
874992
68810
945723
601527
286745
669777
440976
442244
845666
432305
589871
492323
199527
582881
364000
401684
427534
424759
460299
195501
286840
459801
930571
686991
37780
112422
874191
251582
710619
254979
287663
528425
5871
236667
786486
587731
446134
611205
850935
946166
733807
728565
502828
794831
958070
598814
683342
595313
17185
779663
604575
404496
637417
388270
127395
32492
402590
464475
82426
190271
717463
950761
222079
934718
612670
524902
939076
95483
707170
198434
716754
715666
90098
635737
372654
784199
252505
619736
689259
232583
109579
407313
817506
148048
279714
30135
276713
304946
654215
991684
959769
689569
685086
84324
972750
136414
482928
211153
857039
357013
335753
287909
25746
268971
147878
73850
924287
811868
389811
597763
157924
597971
149167
472374
379712
959705
398864
523680
761546
610145
266791
695265
314562
855668
980871
319602
846733
536131
124954
158273
224018
447699
498651
342826
597284
1094
742068
732986
131250
864391
494815
197540
194723
709992
372955
562695
983984
777966
845590
739223
503221
510041
440436
398579
95691
402828
709066
542058
840093
426549
299918
899457
58402
452405
668185
453283
553617
632155
721321
750501
287506
933236
622844
102989
817351
25429
240531
608128
377203
272610
250712
415108
939869
710274
935486
856777
677807
314005
631779
88657
284459
348230
683855
103296
207657
669656
133613
646031
817804
59066
777538
650098
121579
355318
942465
637805
908764
746165
203126
326407
984691
30765
242997
855786
215917
516624
126610
308671
831226
290156
532822
638629
377936
948864
703820
928754
563063
673294
618004
791647
656863
390683
331658
2748
40564
209307
142528
165310
379332
523389
864202
410021
524683
965754
652631
389123
143727
755394
88540
471870
428748
301538
98084
31405
40653
2183
152828
70705
477201
749256
410357
964715
546498
700857
720589
725071
113886
271413
412266
151797
504381
605058
112614
485234
405728
410864
606771
329552
29714
375881
261860
785984
250235
284608
32765
16996
559675
916670
776013
889623
686615
30541
774463
481524
76887
624243
50133
234458
635996
239837
108942
190574
962453
802977
624591
892875
755554
693183
918923
589815
270717
613469
362075
100770
569668
439236
318071
561251
803473
953156
825900
613408
15226
590409
330085
989090
168822
617747
785497
730378
136956
482439
809193
262697
585142
815751
960998
620555
284925
873022
655748
796943
59483
621142
895545
209007
906546
767297
835953
637351
578178
506474
462421
440150
665116
490754
149671
47187
891398
848710
513120
763207
510669
592568
525771
282971
581077
289876
52689
921189
923889
801607
711974
295638
488225
210134
829214
266807
649726
642430
552390
313510
506950
581958
899495
60229
967
608614
114489
221722
138107
572321
239520
411242
973400
628697
658175
724863
428495
483302
317571
978567
667123
66062
655708
528509
253458
683642
509432
250497
646525
916409
128028
541047
662722
871607
256567
545546
220754
859783
795947
655240
342790
65544
406570
37758
500671
719107
433912
429465
795228
397723
192963
625926
574818
683590
100644
998544
362612
627335
979264
287799
94520
409651
55772
253694
818283
511061
58220
548686
785444
905970
832423
319662
571041
845975
737508
350686
872817
464347
813785
640402
145251
653101
59284
613930
824159
56010
300904
308889
116862
972760
161991
724257
595431
555007
907307
236481
719057
716238
505274
805784
381262
277518
646856
183047
974806
335443
610029
149883
372333
735091
786039
339283
389196
790269
574384
204962
701329
515738
744823
741672
240803
700672
351450
896306
257081
672036
306962
331379
141648
962284
415547
735481
880237
644715
498153
256399
203216
122054
677558
50053
675312
85206
580229
536369
614445
517799
741468
649931
487941
38727
274430
322779
959306
642780
73785
995260
193513
919178
326022
705738
444947
805617
551237
858160
417973
802153
356734
60050
65243
989505
964291
666587
58173
151319
492365
561151
253720
635063
224200
298520
460433
472236
420806
914287
594905
188624
474422
79465
574879
750003
943431
405618
689359
118223
490997
394244
787035
469617
826153
397269
195535
975043
337998
830425
258912
226086
745185
495107
821373
492097
996995
128537
152124
926404
720001
429746
280102
71454
244617
594730
592675
21135
91662
653099
958370
366747
379817
229857
122835
640614
938885
556193
941257
87375
10319
128152
578655
602122
445552
211018
148
602353
620543
24408
326169
267926
775434
11452
811591
542747
181342
695677
850038
735921
419207
991883
700705
168955
313523
792727
673534
594600
956292
937513
528013
170192
682800
995221
370043
707499
517340
954037
418576
41599
911468
90648
50541
218429
952691
168554
111087
956587
479173
225512
908567
157626
496603
382969
480894
764579
465192
490940
977816
822577
802073
305542
281218
276482
304568
358940
701662
44405
296678
277082
102579
821208
794289
114705
811808
631492
132444
823137
582217
320597
76920
978561
620433
342097
146531
710397
399952
624837
812774
41464
598711
162092
939962
434038
272506
195441
85409
435128
17382
688238
102403
454270
580755
990621
315235
309536
694831
195071
293473
605323
518264
163735
732893
201034
596692
717416
479294
979251
449227
80638
474786
236229
79258
91690
141386
930158
134414
222863
554635
540318
22383
989622
921072
382010
554528
652138
737704
918207
795915
274003
12240
326204
293990
338887
280432
884729
221373
163489
818060
474484
646556
417829
144391
728461
887754
580220
271685
297565
371707
488192
152452
288009
568568
639357
415763
21106
703818
318659
533847
31707
189314
164450
709658
693010
504311
619858
478549
883513
196061
418975
753594
523131
296469
336810
328107
356697
32213
931134
792400
759131
774773
964220
51064
713578
12680
664010
837571
723918
675024
138019
76602
390510
501500
329099
739281
614703
834854
192149
936947
95525
72763
22804
308766
650701
115564
289055
918278
799160
299617
826205
245333
362225
609313
143647
39894
924534
323675
194479
772012
835373
750121
56931
434389
476947
145129
593455
204544
782557
134110
856532
398826
708859
224058
116900
143699
816549
222835
87881
810479
356900
477674
438090
999074
13076
259898
238930
199206
319823
859381
296716
330025
378646
662177
480679
278001
951058
671018
563585
253923
843020
888365
969797
488205
139281
79862
16637
480093
97540
280987
537643
86834
866400
961700
81666
734191
910915
397268
406123
21492
816778
137800
917424
219781
121631
638817
770093
132832
871889
346612
269299
731702
376999
585361
612428
714397
694052
239795
629681
618981
900438
906294
830560
985634
836918
293244
246608
652157
992381
59390
230981
860260
275952
64277
323407
346354
793329
749877
77641
223902
188766
369644
607854
985685
86194
514878
741755
505904
659807
22340
643813
110809
542675
312917
517993
837390
707951
155010
130589
68319
121521
849538
461188
904120
453641
412891
605879
975476
184354
605090
30192
505161
47916
523601
267627
870922
858538
544996
829794
772993
759708
358746
638450
490829
187655
766989
99672
255036
848382
374971
88995
516449
555483
13799
873114
729780
944148
54752
317332
457716
118580
460189
620941
813492
947468
249369
31814
716495
30594
820520
229047
176570
706207
436381
981743
665268
881533
598572
197772
420745
106162
444104
109495
11104
572410
150751
754244
444506
975535
590441
780271
62903
61389
202662
303642
989305
194552
369546
438744
512835
432541
928375
260468
655798
922885
968639
405329
734965
373934
864357
569537
110462
823900
68896
684103
557067
988492
902687
514971
765624
505148
142025
827934
249437
67598
114128
359718
680268
893980
905825
927492
952218
18510
721006
166685
579580
943987
525974
304035
245698
68602
613848
927382
286068
54328
2422
24570
887302
658964
203758
804504
716807
703063
357783
414263
226867
261
853376
713816
468774
505369
645637
119566
373796
474265
799632
226583
680594
261556
357480
164950
795674
284670
770453
898313
818797
985670
978707
165658
409762
451844
778411
625940
986802
852202
473138
436559
371473
544174
451171
362159
717007
59777
61868
213479
975936
160556
924031
511419
263376
690103
12252
810229
353440
302959
56404
357847
506760
39621
963497
806234
986737
924430
521376
549811
310297
339495
525378
47539
229320
563546
218766
169630
562109
593390
915160
5789
691728
604034
840780
154421
792687
593176
206566
901784
494755
329662
401995
28974
401317
931726
990226
371183
115622
584554
45037
134354
890015
140032
571556
916572
479179
532047
499622
481686
432513
347834
463066
344558
58146
765509
217899
969159
290932
890103
318814
92008
604646
715326
903274
98233
785619
796217
620687
392720
529700
604323
184744
505368
10053
178398
707315
56447
263411
124862
251005
922081
77724
272463
655672
321419
502034
169835
84488
586996
371615
708164
209736
732382
819126
181750
68727
933362
616981
119325
200689
413055
994480
544962
72109
942065
152387
608682
505075
921611
488009
508504
961429
139753
704748
236528
71978
201757
867756
671205
964195
600921
426557
895199
689413
786866
925744
378764
870266
538270
360235
914825
226874
196254
288722
170602
339685
106593
182160
133702
202817
895267
848642
272970
260871
888223
570988
969867
638488
498239
311208
838273
292523
988645
929582
425547
889766
166238
795074
77706
468828
679079
816000
19624
84200
589622
955414
197959
646846
290649
435227
68801
804270
387387
255494
957694
634245
666476
223910
393708
362001
469206
402952
319235
412366
797228
115490
413620
319999
267631
950365
171036
672112
860237
126746
173493
486796
508172
939297
431221
690056
648757
365475
336489
279517
652296
739709
916112
238885
308915
745548
200618
331466
537545
503101
837143
11468
772391
99406
632740
968005
621105
881915
450478
572964
423702
896469
726721
353479
557627
107160
850166
987523
573025
308562
884470
107562
166221
584151
361740
339085
900407
623884
586068
98252
66674
72234
18986
601024
340675
459917
857931
989434
324951
524792
349545
527136
502333
174754
231351
765870
522732
928605
487646
553621
514246
901322
360567
124031
170464
706688
857051
169982
663238
356920
715253
610643
342358
977549
190747
387537
186341
736162
640785
940171
609390
750458
400280
225467
137229
132016
606149
502651
138636
488446
146388
223933
188980
55939
265423
803987
532586
969111
609949
562496
714551
128168
920908
946164
636533
210903
310841
868508
159390
777386
1602
516881
204649
864299
789365
904403
64415
792480
264458
207559
987427
857061
450452
426575
135164
222083
92737
968667
195631
403075
724227
198394
7310
37716
154901
317227
245173
371619
64519
499459
776173
792754
426397
632053
768697
571226
744788
242455
878626
278272
43279
169101
528240
309010
682959
988649
71901
282865
610704
606531
553706
233282
532724
189002
874089
889295
494409
660689
953789
894185
288965
947437
668469
778431
477463
110841
976911
77954
455591
50475
257578
453851
941150
898831
783760
907976
404196
941592
254921
510826
59802
245844
155515
963961
90439
407453
595037
83386
181787
383141
310249
727493
240859
171546
698539
517864
686397
45507
209849
696369
6336
627231
98761
257866
400258
310499
280497
445489
431659
326017
979515
624819
310835
275990
18593
516374
663025
433647
28371
915254
167488
84060
200970
735472
92968
266975
93803
250896
764286
517521
472050
701944
645535
770183
254494
934357
146718
211831
23804
292797
685931
205822
385923
371436
972489
441627
289361
619290
39064
488216
535095
226878
620547
894446
315400
98196
876456
692653
240380
399869
440950
679750
532270
393786
807090
627277
823666
340727
978405
211177
803482
662485
929958
881526
183793
792541
976173
214150
292518
50213
650596
509989
922339
130278
190124
285581
728066
979128
483152
847632
912710
830826
68033
676538
411512
561685
301950
652186
224459
680499
750295
176447
406679
517229
344998
586475
579790
606255
304901
18238
771873
77878
850772
395780
790230
572342
71362
140071
777702
49521
836106
903222
498105
920911
740080
803170
790448
48225
660210
233534
753043
459526
965483
120608
674525
386788
719978
678843
418575
989232
640345
479111
379249
510934
928789
467824
582813
884772
896909
196869
96408
888095
385212
386296
158498
933242
170791
85677
110447
88606
527861
77853
956943
272446
148115
962443
323235
623067
627522
147969
795062
273416
134660
902337
715448
635563
931149
628770
813247
214843
901061
996559
501115
276364
11303
957881
252400
945648
482619
157031
60673
807300
788088
687791
780292
486622
132453
146496
362226
2506
882456
817220
694198
64795
402748
365393
870149
242168
767839
593484
333428
48897
633598
416767
625905
576772
821257
664721
415542
817590
638984
731700
233926
151334
386039
694123
331602
235850
156557
390358
460392
270246
37108
922148
746386
256783
199724
644911
414963
896624
40430
317310
187457
824674
401346
675308
568139
371453
983784
809819
544571
735699
547916
558567
785682
89743
48530
603429
856077
351320
573128
551899
676758
821262
420152
254075
478235
470754
248664
848044
391066
645921
690100
58842
330655
442391
956547
331223
264308
222603
155650
917736
864688
389448
531300
207850
194254
447824
291983
981017
786646
451931
209334
356041
916016
357350
911594
117051
138580
996271
156751
293461
950499
970516
515148
764612
60566
561211
762117
247312
349578
87552
511822
240882
642986
128191
704750
991512
841837
774459
187082
893748
254983
603557
17877
136798
964883
231842
460387
27339
154427
166114
790337
24939
654313
50795
353282
930460
111245
992641
298277
300685
772765
980443
728307
913347
724000
2797
140580
283319
711099
957522
552070
343711
463161
70460
999539
302514
967621
430038
154123
329278
623966
29813
363135
135051
305495
943539
556520
543600
991443
970728
6305
572941
701574
856165
751862
544743
547725
324683
572144
872464
998021
109992
218556
87303
577923
176721
234027
550862
395011
645564
177897
857915
638569
849648
49438
177203
555070
151539
881184
834065
585889
566860
918635
896911
883808
52006
595236
299453
538277
724028
18003
883023
48172
526655
457460
242395
617993
751423
394107
923071
357196
675001
785530
207570
112433
777629
913606
471031
830162
545041
911873
209525
446852
907579
220451
451088
25273
331638
495817
613613
244640
680666
958461
456139
6892
276528
881492
534621
880998
676887
153733
201371
820883
725336
748730
326403
630524
364927
973504
605168
121354
403624
182334
68001
50174
830529
673194
74766
89443
803117
605761
61910
276585
702464
649212
324064
33980
740721
414345
426183
756098
891264
916286
158444
296828
102908
558181
906588
589450
639299
84586
998700
621943
48255
498896
659646
147081
124695
257597
845833
231227
75445
29334
266476
149856
769931
968431
333243
803147
877963
782946
179982
430623
547074
454421
270878
806239
338985
281812
678967
977078
536787
945119
811831
650953
822252
273994
855810
59900
128184
981380
287140
896759
450895
255382
368644
580286
611456
702636
37565
851084
770582
969349
611917
414473
36792
477243
455419
970306
952351
152752
112716
138692
328784
321609
668846
98302
231289
715910
661072
656885
213661
470415
501988
293034
587358
274544
384035
420879
949604
973772
608536
44070
909249
631542
818895
538869
327012
352520
77642
427218
3510
197678
790676
100331
127996
109940
181343
951593
918552
899598
276858
398047
160789
553639
757022
961342
46067
617612
779511
628342
871036
39845
810661
221555
262464
217666
231974
547348
170584
528496
679029
940735
356108
940458
756311
606844
516763
325306
60039
618785
418578
575679
383144
741465
855608
69841
186987
892111
426569
559877
184449
32612
396788
937620
43781
591312
68591
377436
632387
94751
117727
452615
511534
197879
887820
548270
955961
349636
526349
803043
808533
52125
209700
508707
447632
533117
521564
646172
84619
714629
930747
581404
515624
207430
507821
56836
175160
938032
435323
116627
7795
581970
67537
378064
577209
96677
458377
895140
496985
324190
369292
177309
604763
531466
342216
146491
770683
972896
331762
429078
859917
568443
826470
231031
159289
287075
861209
169892
681868
692397
606156
710765
728314
128276
885996
825991
695806
317331
111226
584833
936894
852621
274962
268851
238520
512273
513960
964648
887014
86287
711258
573823
147991
949504
525292
121597
359454
729118
657374
36167
120387
393474
791394
485850
409767
135602
446192
959117
465289
362768
572967
994842
857564
613830
224255
316672
243417
407094
341102
569587
627796
333115
554611
452478
963489
768211
680724
659408
885940
852210
795195
941824
841003
908404
218966
386945
263564
994741
874527
369845
80117
338067
67430
500410
710795
389782
625241
506804
8407
428871
924220
171285
6468
511730
928081
737897
376155
696919
91809
353870
418226
11114
606354
381477
688904
104385
134144
741709
593367
674570
366657
834134
826256
567769
991616
327288
338350
596482
738939
837230
933747
417523
184612
685966
202637
951350
446004
579553
668498
147282
321671
381844
815227
499830
559732
113060
32826
878626
848927
509043
204557
160196
952037
439841
729203
191958
196358
955792
320246
507898
570502
944156
362216
468056
498291
91286
503109
475831
251992
734936
129324
138576
928903
640748
454671
468487
501756
94706
800161
411360
730595
147571
420661
68783
928156
45875
45702
224536
652103
870911
340076
449255
765338
699114
39730
774836
798531
574947
889835
912443
18848
103518
814569
566089
435613
338921
674405
141318
591110
277299
246093
365248
481279
872886
813
37935
976788
516619
210702
559507
952566
319819
2973
300338
835631
995212
213730
91084
147935
279179
669355
957726
301222
733228
34298
15695
776181
414088
478681
390998
566236
90477
521845
515809
358144
694486
619704
600494
831597
481458
141565
664734
943173
679218
262571
409744
734555
470780
303666
851005
698822
155707
236215
125647
527198
407870
312926
486815
459923
373909
677675
468394
163271
651182
221002
860365
129541
280045
475639
677458
73729
989776
194587
840149
562986
57513
786501
927157
850
986112
310055
864377
4765
376936
498026
149229
574126
838573
961383
622501
903403
898349
606006
831243
723459
500280
602977
171388
855643
335758
170284
844590
693824
894202
248714
267920
334377
793404
52787
956948
393480
290673
207688
797167
456345
414082
934819
133395
57526
214435
614746
177163
774455
354917
16850
351556
684332
948197
114897
159062
565507
787743
234312
630368
427069
589887
585370
786145
602334
403311
614625
929670
717538
202706
694054
896101
880999
201407
907078
34701
439617
887204
86945
929972
238746
59612
420014
413584
382200
20037
205239
863843
738863
877127
919512
429315
672111
173791
761009
911759
679356
449271
42353
66944
856209
764771
403587
965622
640278
532550
330927
575296
612666
75779
243395
207881
477823
266832
661946
567539
476385
404264
277913
4690
159717
895511
640084
608141
917711
967341
614711
563713
625789
943698
60487
226670
317181
806138
4137
666155
242935
49576
815233
192256
755835
825361
198336
147220
174106
273925
517543
588158
536601
243027
906153
433508
702735
889254
770543
225570
812216
44252
525872
738711
908400
682690
367805
649020
782053
510606
152062
846959
123816
305712
948444
660984
725248
430390
151401
160939
616918
304809
906507
291588
927092
280673
868943
78935
467400
605398
881274
896560
579228
519346
828598
116422
867500
35255
416330
706474
671222
385789
691710
960716
298724
431607
125067
924038
792263
349564
660580
84176
844919
467810
69030
908487
696375
579389
513518
528993
434100
58003
675235
40332
501257
922299
632050
506412
523174
413369
454360
306905
235807
185966
592785
839470
345218
343150
364123
673904
198580
442215
6257
654342
744603
295514
914434
737861
797085
905802
324335
468998
490601
997311
768739
471453
739146
820819
704100
253129
36954
3358
877899
289126
303849
790745
620634
976604
511522
367560
742421
165867
673234
464627
481664
873371
879171
628526
480527
821346
63573
769665
74347
565675
840887
740403
18377
472716
469157
875747
912607
444370
625275
908110
724793
250803
350397
126631
617945
505852
106449
16973
703471
508987
500286
244790
257185
584103
158212
83331
318593
8674
973482
966673
876779
737636
364090
857199
414296
225634
338650
990977
395366
283703
290867
491543
405892
946275
962942
208582
522536
84729
587021
706443
705727
371621
60039
496321
923969
285706
1809
547953
315840
23347
199668
127421
814129
227541
196738
210829
793532
940074
264698
260182
75856
642233
459184
846677
138895
960834
152086
612748
331424
807362
550778
776643
428378
957733
824557
822769
730272
298100
85993
96336
170276
466883
604254
415248
529755
384266
735634
479506
22705
237759
59001
608953
413033
438786
16654
233613
843969
293607
633640
835329
726587
912711
519423
911241
173334
256377
43919
622342
231903
361428
930058
357570
297138
729533
301458
540326
286004
234261
492553
391920
486575
563135
714332
521695
710998
954766
390639
747208
560905
648765
639223
213121
933502
958770
785800
27019
871651
726611
869357
799659
799997
809834
195903
114134
638386
290135
374354
485310
830628
135968
185047
937551
415278
802323
387480
256990
740164
490090
923304
27306
849385
372321
36309
156931
11365
766520
381033
588951
344742
165288
687488
746576
587310
260922
568766
665895
561834
637131
788551
932739
706871
486778
182303
71584
683896
58955
649274
892576
959273
399998
937625
4114
733897
286892
81360
680254
623341
8399
504050
901805
354730
221465
717577
53763
48252
4966
550810
66440
947496
255068
920894
717407
680571
917092
731233
247772
69500
687172
450875
389706
200
101003
309990
301517
58689
252437
56419
406670
555447
720266
342151
103791
947694
614626
309604
547640
248064
835081
411383
943886
473767
763436
340090
874338
696798
780489
619051
897295
964483
653986
640182
883646
409568
886208
625432
65654
695992
936769
529802
265681
380126
953770
624037
212497
588913
668022
760281
597189
78358
612575
179833
715273
499767
704979
33598
816120
100238
970650
492220
980063
524334
122759
534474
475875
745011
963254
171514
356463
122158
452268
453095
150994
635465
137936
697441
448012
571398
217920
293039
271659
161452
895768
701475
63363
436212
737131
287055
575005
335013
309830
48946
212742
961559
64477
912556
910297
488982
766237
741501
778547
920374
590225
840285
785373
634903
799085
332869
453981
298380
125696
849351
714266
586496
273909
951026
844345
905411
455755
847359
266446
612830
585856
522519
836687
383483
309241
667350
299690
471881
517333
193958
868251
48107
441763
542554
473440
252563
698740
259325
763765
376635
455630
487882
672654
703482
910030
703950
614067
635446
896451
460965
28551
746738
555317
770961
990690
218019
393216
659269
550742
111441
549832
516847
699140
70803
524149
348287
532737
850152
679492
693379
566577
621440
52669
430385
866079
219100
232502
821705
571555
361511
841795
738303
502358
182492
48059
478069
167575
582165
719927
99593
423873
558242
381579
121427
948350
335826
501006
851834
545838
214884
993081
483188
167603
849265
857018
170809
753481
618664
171371
892233
985093
588159
408571
690440
742503
498100
882133
387264
118439
510541
600622
994995
434698
819946
997423
625622
135533
28002
439000
796576
598105
359419
135184
465040
318880
613680
368612
865459
782177
210090
652354
760420
493890
591782
682287
748835
90596
550740
462595
426318
521834
95695
887193
853157
124224
978345
516335
542777
439706
106840
34206
145371
770926
192536
254731
771860
21041
672929
560752
195084
469618
409045
239540
84458
433464
612604
814420
940789
485483
64777
764601
592096
91007
623943
854376
605133
764362
612383
767707
65578
869377
315526
927031
764850
622478
252334
958778
226345
160496
591212
643060
420116
286940
29349
927393
85840
897589
343587
6389
472563
973383
162539
844124
64900
104754
410849
948437
728129
966385
391193
860754
91375
803125
197468
922291
383748
963378
582036
956197
399874
921899
121325
433158
477949
992878
56826
433753
979640
789929
788655
776217
67813
903687
549069
833777
615741
961954
543565
82829
554290
425699
53683
546811
164323
215396
115970
76430
57334
950221
93005
248981
41088
446276
365777
486383
193208
201525
158940
862396
720389
503425
952384
533739
153997
688861
55697
475809
171864
567209
10305
617675
401552
372737
695156
966725
681301
229100
53783
246339
520145
429045
267126
280000
518107
994301
491685
590105
186414
22228
336468
879013
270451
419258
497411
913168
337967
865575
908906
897641
341304
501624
64445
85195
507560
779365
648594
767836
827667
60636
865913
20242
116501
449846
20098
371789
526342
822185
677987
867706
726213
720698
266381
597888
529937
613395
368414
210995
70205
828655
827070
932847
61410
796697
818108
68443
625402
323575
305765
120004
498660
142648
940058
866525
158617
360478
115574
84576
869964
646183
719021
782320
119651
593526
408575
920738
524633
359243
578462
487550
52332
214654
116700
227803
460274
268537
443300
49292
408320
907817
504364
754119
866097
327391
13628
735428
542123
955224
500107
246949
909905
980293
428339
835124
13943
507510
4704
574697
159882
189697
841120
919379
954748
380552
77119
656129
280351
384964
117796
923026
327024
297718
186078
664941
384288
52468
151991
591711
579450
426768
156648
287461
648552
290216
302085
930960
391941
802672
349162
66704
604404
944399
589690
774375
220228
826203
140931
810392
90086
376042
124272
658158
95511
103199
580708
781011
210628
474607
189409
270772
980023
695369
950235
255999
225952
688931
8978
171252
884343
84826
524482
563488
774011
384270
44125
450444
965951
440847
837959
847460
897046
195786
709631
965668
241171
2576
682760
307321
631400
50693
787324
347212
960784
818018
385079
501031
866744
521003
309394
578487
347685
88697
957466
704906
215818
47665
262022
370301
505692
799452
739826
637839
330276
362713
72830
89812
151363
43879
655145
401769
568458
44335
661321
257769
739642
140269
1226
704670
635310
50558
675769
439386
27399
692537
341278
744198
608281
590131
536881
388131
742635
662726
107194
425151
237921
354137
966860
149111
564470
376201
640865
823376
951449
82330
488926
915101
60813
385865
513761
316422
835500
354453
120927
621324
405914
716111
846689
620554
566843
900871
138418
218472
988462
746782
669593
394400
342292
572902
602407
742287
555348
536633
327156
561111
102483
570483
574317
988684
952786
283680
445278
480288
592548
959344
27293
950068
414211
243037
465756
886448
695540
436437
45708
388428
357397
382755
261105
472058
507166
712632
973220
163670
413336
425478
68585
914078
216266
228755
389528
368069
27578
579576
970647
82422
41428
58863
470594
100841
375264
832915
942328
424281
863020
707329
489847
831965
14459
955252
275977
384632
203511
776004
112701
17710
594778
377134
762776
202289
861766
845265
337695
788260
743876
741530
162005
195243
247420
438564
84621
846791
157818
401114
924737
617959
67242
21402
766237
824393
542774
954656
473976
789948
152910
930182
57439
868842
866026
524168
957551
720229
975515
863272
388705
244420
675056
456506
159246
995951
657755
638214
710500
594693
193661
372387
841942
809686
343957
138654
851469
426491
405305
413536
207381
458823
37010
414703
970919
389612
143456
789338
85615
612888
858946
141912
549090
21722
495796
94120
637831
747886
249888
137670
731424
980615
876544
119840
256804
172840
203597
920375
221182
485660
371865
612457
68559
798191
207333
929007
748862
856536
131702
884303
431277
954831
477987
920982
627946
843153
804096
724864
302167
777433
172272
793193
226540
944980
23098
36757
206880
94725
724673
285914
493501
913430
26855
963958
105706
575433
323125
920776
622770
844496
311107
992762
399317
163232
283868
193360
79693
755099
244093
266096
573291
730147
717555
609561
524461
288025
7497
134649
919905
12277
909176
429406
693574
707778
862409
731471
633216
232360
352143
653655
469613
948138
959810
862715
472901
895535
500084
350478
240051
682623
441249
935260
961345
936360
760640
336780
535024
640896
644558
918626
105578
224503
236384
835014
368061
551600
426093
336100
2529
98979
488570
810499
843878
127913
128684
272645
218564
291627
793666
739668
786671
741691
580853
358414
646197
945527
320487
723757
419246
93642
694751
757505
814612
281633
537071
508687
490495
205839
576567
908278
946194
395682
871055
494005
165338
326676
617996
822892
503615
50327
162146
807402
824647
722596
955502
733873
187217
184333
372927
319540
566595
915704
582022
519576
211042
894395
123029
482193
66122
680140
396020
944842
607535
339831
958843
449938
373335
209996
860499
913013
408933
664393
740858
964113
11771
839619
734829
279249
251033
229571
579687
13755
870797
735644
365226
48467
242960
256815
144905
285916
995790
582491
474875
450937
615491
155285
596594
526979
642883
157396
290721
52543
944558
892284
851463
777433
844689
134677
674783
453324
59910
830889
551550
993745
614941
231787
149052
404627
584351
310053
804596
255950
162032
841769
303734
450681
96056
796450
387095
494452
889069
662221
492003
415744
851066
235535
34708
940801
288095
540451
161501
53508
630290
696192
66839
769329
272512
449261
631109
803585
946281
16091
3752
764324
582236
176449
876995
167196
631953
770453
409635
807443
778575
137521
156098
307906
569227
387380
23514
285069
599806
366290
694849
821189
88264
505048
161228
602690
122833
129318
648804
936702
768772
897373
623997
266702
703773
948045
385260
787802
64371
493342
122140
455271
507682
855448
3843
981179
551636
844426
975034
757047
133756
124294
130080
445952
106669
285626
815255
982480
867154
458060
381467
945873
267470
715898
307490
107661
853333
559701
737297
175227
874518
646423
991779
732693
664903
812283
538349
392512
393195
842633
405765
869189
997330
167431
631598
207489
921515
957362
759924
445660
122020
691666
39548
255660
397036
700264
452900
78717
108496
535201
166463
410874
192623
284059
211206
582740
527453
361424
271263
342108
914805
14958
103440
819961
193726
257995
564635
46092
800453
288792
552830
862303
184109
57171
584763
650173
235624
505381
25113
681151
459048
191257
382251
382279
523454
740353
900232
784316
944620
637206
281793
959282
173927
623666
630280
234764
149761
814906
571290
829089
131373
753091
312842
173737
601089
259299
750247
969027
305801
731454
192105
922754
901906
441681
307669
407341
406877
325398
812959
704923
666051
813514
830446
146112
941723
684731
454213
110410
572548
886923
427938
673485
744715
366962
980084
309437
52675
960824
649375
984252
606624
603781
996716
734600
721599
425548
744945
644410
132762
473828
505044
675884
339036
382535
176081
540800
163195
336736
792358
177212
666635
667367
24697
551995
116351
481844
412909
797954
424750
955254
682582
721273
630877
229706
815474
444392
293298
51777
332138
256038
608556
269056
83293
494226
767774
633029
579430
703324
487575
402168
486580
92237
421277
949495
717740
41784
222158
657745
85262
188337
201300
152721
435964
796326
27456
769691
575493
794115
612040
291003
643933
827209
936989
753153
663736
723347
206633
379928
334387
113998
536861
831741
876224
26540
801453
561747
37123
34529
536217
727900
454303
959396
220631
924928
153959
288669
724806
957790
932470
293079
560912
218878
833514
30111
557757
108280
780910
771309
560486
233683
76871
14670
163233
626080
490146
634337
866612
422010
373694
860528
190239
547848
2488
887630
590691
231782
214996
755054
354500
328539
379932
757039
667080
973039
786930
828667
854979
465035
550816
9887
179460
765505
134728
270415
809011
199871
566876
997675
635974
5763
863693
637622
461951
338588
34723
544809
242305
577556
739612
960837
212440
910221
1141
765285
912284
936298
335730
487913
279131
773403
353461
227590
957457
205988
492868
184481
632472
466454
257406
868271
355436
685235
115468
17882
343785
85531
367886
81202
947327
911783
848806
833437
11418
953692
214972
96797
824407
198194
214970
832926
654807
528463
897157
591253
774789
275488
694725
642396
765612
506911
711269
547994
607512
234939
732361
585504
200096
910452
523106
563027
817622
432861
558798
551061
259123
585875
141512
356384
372414
486134
909932
983020
232093
519989
336889
253049
851754
797204
441846
904433
326025
319935
278384
526437
212569
901173
527746
263152
570720
111553
749979
635645
128002
261668
518233
888426
466208
573832
497550
120320
514885
55680
694146
944070
991158
82088
599495
793333
182852
699175
169368
902406
162946
818421
712752
509154
273429
93549
58427
935093
835242
14401
220803
554491
214500
960307
65541
790738
85265
400635
929731
616000
404251
202130
366045
591719
497583
485292
933150
465392
738407
38867
185825
353147
941155
178148
498523
615339
577791
922762
137987
695729
50906
811861
960349
667706
313345
423332
949088
996692
381357
216283
257199
987531
842068
23677
702531
842046
927782
903308
158308
469204
67037
515257
537801
832423
655012
369550
490699
694608
496042
194489
379244
517614
964611
777404
186087
629981
832327
184619
76815
162881
124548
308501
629009
49904
70225
435285
985684
997511
219458
119616
493757
234525
359325
714812
117605
585606
504150
557071
797999
390327
787483
206732
582773
746027
493340
293300
557002
827688
551254
734817
262577
256550
937764
378562
278403
154168
294413
112751
818873
138227
859589
313296
916292
169325
697717
809261
376577
397867
201705
277094
354300
284546
591717
570049
885569
84646
435674
726324
771687
672504
270539
72374
910015
899620
634630
983624
459910
261753
537826
623301
665340
567827
767631
174037
873329
163158
315257
977077
953227
403074
756560
256361
555028
257349
315641
567855
83794
997317
956769
412187
800618
517267
128860
907663
490114
102999
188742
487912
602507
81174
931315
789261
28614
735597
883093
367319
214148
730474
588726
370340
498927
226045
337858
6226
326698
571726
119696
660042
950654
661468
918233
423612
525039
546350
413391
65870
685168
820857
871164
121343
59781
29169
188546
579378
453761
740677
669216
354948
457100
52154
809335
763411
269876
764524
332538
562049
512024
337055
389649
491077
936095
768848
827215
882574
187190
146633
988512
447344
211060
932464
302361
358096
11994
469882
925517
617695
579910
272342
556946
638756
563990
805909
188081
517713
68686
16430
89482
672396
966839
851984
312188
372060
498703
256138
135964
395122
431238
790772
39689
246552
622749
13732
165322
322759
968043
400510
471210
943321
546042
799542
208804
542268
164131
350011
804411
186584
421788
919483
714424
910140
552896
83460
687984
864315
438772
612021
839179
85747
829333
619026
131798
983037
927693
694098
314734
658538
531927
948252
798873
365196
559986
709815
458865
986467
911215
642156
230305
313274
914985
4830
310538
978504
155879
322183
933308
536615
821434
802994
992778
131898
302965
359293
761547
865456
942534
540104
941410
518449
505677
681822
597662
228021
136558
127324
850835
862684
723093
700084
393180
780230
390237
508358
496976
965583
122625
200944
67936
64083
145540
734223
852098
282434
159949
800836
619465
350773
545510
918378
422187
531637
706003
824486
539881
818678
716961
711394
258605
116929
367237
955533
124034
583151
763831
821264
22690
383245
55560
555782
9981
203865
73842
198134
909231
848213
132799
763257
707153
705385
515647
815564
856662
911460
69936
258952
409806
815558
901238
651369
839152
956610
651186
564658
578659
533221
931685
911431
721369
807546
198670
559951
464275
754910
383235
107940
355212
664357
909252
21336
880434
787938
195685
966937
376208
245245
468021
269893
295671
575575
958618
409450
681813
83628
219841
72783
931182
638114
300837
705466
603266
143294
5274
216277
49065
506091
657967
549641
806568
518713
334318
796808
218824
339010
183176
30957
813838
393999
10
319864
357067
127032
360837
313302
666901
765294
69116
975479
900224
961474
678367
996839
447887
213549
311583
688313
444774
644987
809734
177840
428979
259280
60343
442625
124880
511964
999868
547395
291344
221463
324268
421888
202883
221146
664108
758890
13421
196741
12525
603688
472140
611457
232023
616590
631246
254950
974123
830242
111546
849776
647472
535494
719501
525143
765759
127447
400795
278508
729678
36549
74431
382911
832611
295521
505924
373768
434042
552911
801781
20139
672793
763938
411007
241238
292838
121026
859443
760461
987663
297861
36813
800428
603885
411311
902719
854790
153704
48436
333090
156718
501050
270166
52798
523256
863821
205954
640699
112749
377168
215185
162377
742193
339756
355889
279123
977486
557433
419413
67292
390205
502005
985476
636038
752128
635802
367183
561688
724384
454782
912044
464882
989419
987871
122477
848424
819594
26000
378163
10617
243244
541431
468800
675606
808770
766733
34221
484270
968562
650195
380701
479695
873742
597904
688377
15707
587530
336332
462899
277688
176529
676598
659619
143888
420496
576171
650011
858728
836104
846870
875268
847601
221836
971812
349215
618768
779116
883501
332418
603378
686193
148327
290274
426827
489376
469789
249390
100463
76996
975799
642347
831211
242407
607334
83019
223343
500210
993117
88647
557946
319024
656361
97599
556016
532592
481182
276296
607138
917190
770096
593127
644487
185833
187190
215893
769833
230675
985347
929382
201247
777647
809077
244136
432993
491206
201532
581995
117518
318901
732341
558087
38153
397744
809377
228457
311314
757532
300750
680697
841073
800798
12968
501916
44914
383807
827858
392459
265028
649462
132081
257175
841340
253983
242494
23089
856706
430134
72648
135551
439595
556730
635378
41501
214420
450633
39542
408532
260234
501509
172649
805019
475971
206784
697498
793984
759573
26990
418554
735630
421293
671020
676513
801042
568957
455115
405428
671188
882116
237495
42865
137104
656666
156483
510682
920137
202964
797445
751012
399055
461088
732725
522099
173759
291144
47997
135766
559045
384489
331935
71674
483789
472381
703082
734701
82745
783832
233602
118682
626409
660683
204731
739904
673725
716529
458624
652976
530698
462957
523454
797010
678962
183080
428581
827904
759502
309095
496314
977235
595267
704445
216099
37276
281509
731304
729841
798890
539348
832159
804915
748016
781956
657675
73020
956658
690213
358506
315533
617566
501515
791935
506452
780523
166875
326446
458846
338280
681382
900720
679102
352581
979278
166603
407366
524341
192235
791829
694274
618990
203890
891854
282443
987231
283368
84535
992137
923887
834543
1562
392087
492673
96556
890246
24780
878461
44214
287133
41247
348187
631649
428367
858179
56574
452460
300530
28735
114493
730716
900845
508479
468156
58260
904458
785735
407664
417911
470802
689528
185619
977461
796689
492468
388566
480585
736029
665724
901463
448973
271497
716513
810251
642199
497905
878844
188922
672307
853278
366401
219502
559300
221106
73686
151253
822806
827709
962882
607112
46622
481519
485667
724395
260128
94863
558859
392031
441508
414803
387500
381871
902150
711404
918280
224381
622212
247380
158530
125813
449462
950846
479304
969133
363208
629261
620126
32101
951093
262521
724426
446482
888294
698441
553032
85962
200016
645527
319370
99388
408027
835915
788788
327626
565535
511672
403118
159708
578258
716053
686235
954324
39859
347021
906984
450262
922775
245300
165908
403115
24055
51941
989599
629138
65975
111045
726458
668287
37177
244635
410109
341179
701557
865472
685416
416498
491041
712972
782823
699268
112133
291048
482193
258293
139746
946680
314400
889614
170706
463707
431393
251749
188301
349167
921571
745886
211556
10034
958314
124472
383010
558916
886815
711442
567977
250334
341919
234904
157293
264719
580215
75251
758290
856091
148756
296289
843230
178294
678800
394287
591333
930560
446901
957946
408989
376190
712990
785354
32553
355592
578113
993544
897229
122599
649869
884007
842783
765135
419955
610610
381544
138107
433926
218770
25001
746974
237011
984340
481577
4490
803505
693627
479709
297742
104465
440784
259417
136296
738859
874565
354719
542588
101338
567415
565539
816856
125299
446255
156271
27547
874737
903055
891448
897147
422545
739213
353392
80827
489665
731441
37399
439645
617679
410409
811911
189850
556588
558700
997430
248588
524855
800874
576523
753098
352588
237952
93850
629755
240752
282685
576258
68549
187383
548329
629506
943868
569789
612021
817422
362483
497089
774569
848202
589898
796535
56033
496898
773616
558517
236636
594506
3961
143340
484354
457054
699087
250778
727429
752636
652457
749115
362238
271639
320287
994936
655682
199967
152931
4288
43781
689900
302991
359425
571878
630027
572033
441393
419909
595093
328904
367261
885222
785035
415070
251623
676782
26899
619629
370579
160219
30145
872897
416915
102643
914672
342521
644213
875402
869676
525735
348177
62704
715243
109869
893519
165370
101639
126538
238132
121373
613030
291368
476593
773086
88126
855299
355182
782063
128476
380111
219076
516555
190681
641034
200066
631896
582090
445028
988335
45392
897978
234307
205647
391989
768278
219157
903269
411805
529158
672560
382458
434198
388896
213216
205807
7767
530653
85991
541069
861979
641450
644273
161723
688055
862742
114653
973842
505843
698278
709920
861330
842796
32944
647337
494998
998526
157092
665669
928530
800150
475237
963647
528091
514857
10076
458873
915919
367975
405303
494096
896048
412846
115394
646399
476444
864864
742437
866330
197265
248384
714421
740530
409912
824576
495902
730685
646169
736535
318021
703485
300360
473352
178576
366929
145898
742542
845833
971448
474654
985181
676638
547837
117478
951374
524365
442939
35193
545818
850425
98440
623969
67802
597629
299533
415322
885025
512262
522762
28842
709570
92072
19644
850604
245760
352586
147306
244317
751225
399147
633845
368785
736629
438692
486529
808804
99412
48889
899307
165338
973973
987330
414091
494695
454788
467783
466199
752846
326072
276536
175920
297027
486854
80516
127028
135449
577969
716009
514794
998324
464253
317041
973038
674256
887395
494330
5920
283884
466870
664351
153454
828734
374226
132113
96126
247915
365899
763830
985218
140608
926416
564020
252965
27423
79841
599836
505675
935324
659445
732934
548270
462372
887111
81389
355958
562666
193944
338209
64003
911917
237569
484775
480963
113574
667688
145992
761374
449229
335062
262577
92552
897962
275490
395380
577819
192702
595820
407947
974997
190783
186797
152678
509815
278147
333449
225079
194439
109374
731511
208584
123617
621809
676966
941477
46929
748529
444459
179645
759227
176677
893045
692611
18252
925705
668177
377021
149524
772838
744284
359940
545169
8384
352172
458870
664767
98872
402047
582740
969891
824045
704977
876325
881746
611858
399764
10822
868808
653549
766578
682583
549111
916540
53761
495164
271079
427320
61426
130477
574637
933643
942487
889847
442602
918490
188182
845580
246644
852049
274693
628970
644837
420420
373851
884279
59688
791853
771132
747828
350462
126982
394559
315312
776036
627958
98821
946021
892451
239090
487947
959750
360952
496463
328595
905072
34701
662309
294622
797411
506870
993074
232728
322623
517032
64773
309860
860329
428701
23034
498492
354601
999668
150211
253648
385301
497248
110393
909303
915653
738986
259154
209251
304546
275863
934652
709935
71144
663315
684279
768639
480438
202326
334
238273
200530
334983
72453
449624
751718
765426
995318
20548
347901
510250
849489
846422
207246
746310
296916
839587
984547
546197
55416
766010
819802
798197
405214
892160
152943
727554
791667
105346
341518
408691
701669
964656
417688
812040
924720
788366
158642
997966
143532
546349
837836
125017
132562
592420
554377
355999
436377
171476
790651
400802
183714
571742
347713
366661
13563
732330
610696
549708
822861
496625
98017
12949
118025
150470
812962
961244
392341
138467
929565
270373
193852
838395
50078
106504
912456
907253
506989
949753
711080
325497
897209
174611
253386
952158
978412
863557
579411
563383
966913
791311
637975
473474
561628
419769
539573
120924
42082
959881
167202
102595
446651
788068
959355
305317
487590
243091
917101
158892
73550
878444
483278
319536
786781
62845
990667
87214
253051
295421
437241
324365
192953
262618
254827
144909
252456
225124
12617
422778
327273
363077
237660
631139
870355
99793
923694
554766
404041
550655
193631
