132109
494237
133929
266667
938438
940831
104821
121714
219835
453382
205108
919634
337240
829480
688492
309579
622892
419122
38454
466300
392880
490444
268311
861167
265931
414000
779467
873633
910878
972653
168376
265182
425632
549017
13319
736533
850203
621340
150626
53774
729813
956528
209139
675508
264709
221408
103294
190142
649248
882544
47953
165149
697062
543821
176362
886735
824742
754567
506656
542802
460993
264790
376974
731194
551176
948774
970973
606775
754248
50073
154060
732710
20832
441164
572923
277695
336932
7083
565060
419769
296153
530946
204660
213988
753600
688462
636144
44690
124249
813260
94620
722065
563385
27955
184963
185795
836167
889543
20274
729683
270050
311161
43992
700565
555914
760317
195714
307169
124123
38937
819973
208238
616881
116884
385740
7442
858345
943128
665375
913391
167260
361181
797323
744483
342303
528910
15814
293830
590301
501456
836122
689103
669701
763877
890371
50521
675428
406481
495721
123465
806638
738546
599963
789079
523262
762655
509674
809463
656633
168146
940772
958369
40923
490307
591531
990730
514301
995460
881636
82729
368726
121731
193944
929487
465301
192542
523240
819726
53332
106161
368609
650867
676458
798071
669998
175713
393259
150340
746165
233107
573007
775784
37780
513032
369578
792598
446192
459945
420080
784810
892471
143643
10159
843220
110818
860419
382181
682115
460568
108866
949800
738188
390581
236207
419479
322936
625416
672862
925592
592581
823525
289902
628273
646278
113090
307428
174972
763001
620057
294837
517850
155161
205992
343152
225903
300831
359479
289725
785846
997691
23065
769490
691031
176032
357787
365068
62025
588346
143782
507732
436171
337040
359151
317141
313277
623677
627226
810288
872291
549163
864526
341391
611820
587431
879981
673723
574278
157291
92359
765470
603460
471415
995867
644857
32228
432743
384321
315188
244215
391461
638600
813779
149703
199230
147984
766894
254219
811177
4610
772714
49990
344495
601129
487009
581058
205303
762469
287736
213564
435184
9181
363318
812964
674861
360725
761653
537359
946125
172182
695843
650451
438302
620609
55283
755101
947390
199532
218926
549420
372526
246724
301284
394158
181393
108358
243974
782826
781864
835163
321175
754115
577973
8037
817757
251427
152155
208863
681333
97720
603235
438465
308080
132665
145156
545073
430070
389784
757135
669001
957640
319993
262311
519251
441202
794324
859760
225089
562103
642022
718129
115494
752062
730366
455021
921943
694119
657008
858944
258898
415770
350077
733019
943020
938342
675299
834006
556452
841725
185487
158721
754812
234155
591088
212748
457797
431344
350067
909078
468999
201864
13855
365805
373995
83594
966375
689863
462373
990972
885954
208024
669446
122922
700185
624141
467827
848321
954737
55482
268367
944677
821603
844502
454177
952346
440308
844727
867425
397554
778233
576710
16398
728365
870873
232239
389321
57252
731111
935048
832072
5665
921817
340478
863221
449600
436567
908315
330494
216250
44454
159871
603518
2749
670414
509316
787920
32661
606619
787184
323675
961327
799325
324750
509178
292403
693474
901783
353978
951126
163217
928907
828448
154624
204774
243097
746120
248703
880119
676009
782075
462348
911326
96885
241106
953515
237757
16924
477613
394272
42677
256315
637266
447607
802055
257465
760270
786160
468774
594906
960546
642615
378941
525569
668798
661447
630676
130780
284768
912768
237593
71110
568444
40393
183946
471384
291287
329660
693182
462062
149167
802535
498083
750410
459432
376537
426898
323347
648674
730855
541007
343407
644841
408230
573248
882383
673683
350011
667793
743813
885665
162163
478380
221116
738361
90700
482669
476173
379124
779599
308534
122186
263479
175861
741562
560976
445807
255693
653509
68603
90673
953306
434303
651860
870753
687308
518127
66284
666083
338899
269878
188118
316826
132292
941424
21797
409879
990363
289811
60229
321486
638001
546894
518828
375495
737217
818992
895954
86712
85955
625373
573437
129632
272998
333313
301431
130237
789577
469282
635743
900948
307365
197834
106222
748635
522754
373880
797375
856006
786580
936112
569926
729597
413139
604349
938233
492015
480868
865501
328909
774756
649266
589875
495699
826183
193148
747591
417083
285339
175910
551807
240373
885910
163434
742635
942588
199446
766828
876792
501943
262742
699996
603664
993687
195881
868713
146106
822907
587600
466843
407609
998051
951102
53803
966412
162347
625384
845569
113686
832680
634001
836897
849339
600575
734169
515268
590946
824028
834576
974609
9325
926414
778262
670653
677813
823560
718984
863855
236741
809160
437554
171274
243709
458364
62559
350173
890211
101214
166565
515888
448477
357262
655322
794397
272349
981288
283603
761500
3602
95651
495076
783965
726825
87684
552349
438180
319014
686165
896883
369721
627221
368150
609629
776095
284793
275040
799407
474762
915210
517833
84148
159857
891278
63187
662269
89316
991496
395997
403922
904309
842154
73379
672687
356557
718927
901218
399615
960753
881296
119446
561074
725543
3097
342909
122673
579683
583952
300628
79880
882784
500320
380997
885957
621632
351257
835022
181525
856749
280798
136375
68879
82054
416610
207041
890118
355810
639129
83559
293074
755417
900101
465134
778054
839711
39127
2273
16684
225033
83041
993639
701186
106525
32132
457173
690495
469673
205870
850463
432062
423610
602196
906897
604407
393468
50142
884013
695565
730651
935786
642616
721980
840638
567833
430875
584741
598745
773852
791455
698285
826402
162554
160213
263263
34879
83547
22235
59363
883103
205152
912886
413779
524764
539654
814606
461500
681776
315369
985983
697406
40946
122938
463006
874797
179662
390126
509505
644
23988
43611
564150
494917
670791
275627
739950
149547
670652
488066
818831
351523
408419
306702
507352
654630
223168
824768
150775
528783
875164
230762
136633
885495
500257
62961
268742
183587
922266
584008
968570
723398
449760
7701
228958
784477
715535
721177
270408
223608
623597
448164
700199
298618
128066
60562
658905
343180
45601
530515
586899
679427
113210
321420
354724
659883
891290
56692
295035
999784
997491
396509
21232
679228
121201
449472
77786
113028
419363
406523
202748
320968
870231
154844
313635
972221
438844
445300
249921
199840
307829
499859
395719
270920
213439
357375
42698
434742
589818
885161
449482
373357
167366
764775
603548
610633
14180
242403
603784
711753
430029
608865
565343
208965
652214
491971
455198
792588
195339
770086
180522
48590
477950
440872
259562
530701
318281
446402
262569
650783
6525
289495
956866
796442
750888
877305
43486
722803
247680
565375
659836
855844
829452
283157
767503
847180
864388
566720
128873
93459
921529
238308
422834
430734
858586
407748
497257
904451
189014
894239
569346
89475
397468
717312
297579
725311
976537
914099
650119
909502
317396
309331
502369
371071
250810
849042
982009
758317
629241
143812
105227
609574
613334
497001
355834
999553
837173
890840
433753
793969
33193
90778
190307
857080
885407
269247
727701
440239
447206
393748
203324
970589
59908
391497
76723
452978
144542
661329
360984
460311
432499
154265
999925
499523
527010
382456
523554
26168
519115
584938
682002
394308
553470
508475
948601
669594
954212
196279
11795
153014
721622
368928
747738
145355
675278
521350
992915
217152
481223
498760
274881
174805
25617
814875
54129
11247
15645
937475
973237
39373
715932
311468
272472
40357
784411
658909
80851
758562
754283
649557
39474
553796
17521
505262
64880
794020
477043
132011
789809
393956
828624
561232
622109
655617
618996
364741
256896
872662
981299
507733
716136
897054
459598
818566
267584
141705
785225
317100
39760
871659
536149
202287
481890
620175
861070
243843
331018
590855
365055
24889
415650
445709
605320
599089
426914
708794
862747
972751
922617
992228
304722
233559
302713
912008
207620
409773
786735
264799
681307
444221
392017
913553
810496
502357
302888
107466
14917
125928
157470
835737
164373
630655
673870
882899
485020
529582
182665
159071
324779
239465
20795
326987
847437
442811
778696
365860
872692
191830
246415
468106
845530
147110
41034
963212
325721
87951
357706
357312
54219
222488
308691
390265
210619
457725
546469
480831
852847
803961
13661
180153
66992
955596
385380
968857
434384
806828
418805
890999
326442
602069
678668
681821
2394
893348
822238
341548
224049
969920
202166
181523
954427
726461
264437
467740
860876
355674
794035
683508
627767
732021
241877
804916
974575
841009
754509
298983
90757
494867
471890
852856
139552
731869
782293
685386
983041
911954
868573
231331
886301
546959
50255
271473
938854
815542
159492
191849
625794
158481
702609
370237
503969
922298
523620
475558
480333
688726
893324
196166
914050
113740
858552
338354
825887
301186
925704
860941
982041
850609
797011
623737
899706
139203
236641
465969
751591
16989
85396
191197
536330
651939
904169
682511
637891
760182
651918
557623
469648
325765
94285
938848
536846
683816
415856
41437
498284
34208
479372
124392
68280
521511
558810
646768
932417
894947
234130
282390
718317
588859
40379
891270
600191
757589
190088
582890
115992
826607
800453
246163
704311
166889
852155
40980
37404
285999
55345
235824
451035
486759
470488
674042
195430
436874
927440
805257
728657
654308
242272
978638
975072
768704
364421
77346
155424
716478
438180
168465
305646
4825
895869
168601
361057
976236
400448
768113
670958
150699
425964
664760
443378
163704
154719
59398
69165
376175
505175
421770
657663
373402
875902
84065
984453
35654
324834
158454
599387
684735
936253
258284
339118
566620
637066
607605
170411
162588
372013
662689
646058
932641
712079
466597
822607
924306
874171
958259
74296
603040
275813
330838
536711
102915
407721
202743
805857
431
442891
970942
804438
455883
209769
717990
588862
73267
153353
62952
294752
146460
123421
124571
906902
290761
296683
498451
928320
967007
662466
362263
23134
524084
50220
694789
605884
779870
640669
330798
50897
14308
422567
57082
255526
997278
504665
632293
606359
712244
588636
689649
600567
796873
574103
687889
574520
95621
220441
940573
503532
154308
579273
380044
132651
789986
832565
744122
403102
674347
510840
910308
292242
778926
717913
270356
432554
970599
720936
175384
799198
961147
330304
187130
48691
78423
250539
842382
362071
644360
936233
132123
15374
52818
106593
16957
161426
366503
836530
382908
230931
628742
503201
852645
665777
119711
869297
676466
950526
227784
725314
953940
234114
854690
823274
699318
304891
362704
518157
106417
782965
510337
227275
532871
734590
672547
242216
6980
529600
407474
700151
238203
437551
606099
119569
944679
261311
552301
317919
979931
928085
471182
795096
654224
101399
943038
459910
837822
617820
802089
223800
828525
976708
261158
280423
990070
130737
948662
641598
494861
278255
108072
491710
508403
526935
664049
931818
253576
428773
669801
387648
966600
419530
105756
64717
131081
32459
154031
627504
40243
669869
528791
359369
825846
635063
733092
506528
862103
151249
507623
102887
907110
444615
689838
379934
277534
674417
355064
685972
946
375036
668381
358246
946991
367706
576373
491905
38852
617352
844656
572398
297005
249012
359621
974248
737238
764929
970447
956919
984288
72222
609957
825313
372570
540979
98949
294987
909457
331146
493049
779071
344298
637415
890022
483277
770873
353933
647518
409970
34407
634354
462156
702837
349708
571734
884139
298681
380153
503310
836828
926266
419328
91932
140604
823499
523001
896671
302629
189052
30341
732088
444631
430616
650879
278895
816842
27971
992700
15831
632957
945418
731742
266704
270428
128479
494218
903546
104960
42077
47428
855491
401928
784856
830545
560765
925289
198718
31558
575503
553220
331809
436353
560923
403547
306191
526764
578547
70449
986340
767077
345280
356752
178410
945749
241382
830222
222695
574093
632338
494117
412563
863974
52762
775696
704771
400598
956998
423407
966205
839798
531268
930751
651402
822928
61108
630790
719937
48385
146140
657519
553100
878881
425064
74342
750457
829547
569702
539509
254808
565814
696309
138705
155375
92201
965732
320258
720096
203444
961774
228888
486136
843538
526739
116664
730991
508308
684444
506162
576103
870198
671038
688582
747827
803549
692580
617227
224433
107962
553553
374367
972392
748774
943118
873455
439596
316145
185906
813293
352223
954286
951834
346402
197787
940517
676714
981279
84378
562242
357741
406259
788051
641691
165717
655180
219815
64383
957304
409988
93403
913876
917628
741637
908930
911819
181961
408279
752349
143166
20551
689644
976393
846295
606788
808957
906154
575489
424653
671862
743911
788150
247387
762959
747322
656561
419205
902694
977720
457486
591621
290108
908419
371195
511716
659862
252084
825300
913921
405868
557188
867616
963645
746271
327777
712954
715035
425475
205211
75068
174785
92231
180656
592125
746308
40640
573557
510594
179707
974315
388887
758850
720061
680848
12296
706301
350759
557022
237159
42141
125003
392640
830108
606855
679631
634472
930297
926324
1667
322438
578798
917308
963418
265478
97913
229308
15133
180077
928126
652927
939538
490434
21309
173348
867452
968615
718367
650738
890644
155393
978439
723302
94669
937383
445828
964640
609343
507679
278355
737443
614309
266292
620443
22032
972366
548684
923281
904461
787180
161043
147792
827152
176124
748993
755828
829751
569431
772443
85565
146709
439234
404681
818219
247727
772589
61970
746314
149978
368219
54596
671633
276718
992517
210677
301363
72665
940598
905213
818513
636723
795147
29497
110248
850664
790961
858026
216509
244546
847025
933791
283822
908182
917972
805956
614076
572887
187476
767809
90111
129580
912438
300614
146664
386893
298287
580726
939507
778447
728127
984500
87421
120801
604051
902083
415193
17658
468271
116393
886102
300154
795393
644569
7588
29444
327316
890930
955293
446355
119808
559377
204762
553854
736588
93315
889182
745767
702142
775974
808509
159982
779485
468369
600706
108094
598091
817076
314176
253835
278328
723223
643633
573386
340571
630656
454126
585995
625115
654924
368612
893615
848778
589299
40855
666117
373197
298906
133934
634431
509720
12231
875158
315382
342482
280898
514235
879968
673326
712351
483763
942913
772981
524337
986912
263762
548999
401089
206988
298099
381196
873929
554406
845034
299087
217345
304905
420754
716934
321045
173361
924060
422935
828922
768132
297552
977148
495256
223581
814603
428700
449041
814609
17178
880299
19723
917860
254962
833579
631029
255762
584781
912794
722155
411738
88323
740719
764043
693840
557039
235740
228546
836037
227947
654275
313042
453517
874215
98533
673252
797754
905569
168864
211610
583533
390922
529556
642607
254943
62961
569002
975289
603796
905459
547805
687475
66167
126261
23577
32056
75633
705632
823188
929009
601255
95492
7534
982258
429857
211130
885315
359330
676230
623427
226661
694958
830025
800082
377573
279320
898550
867574
703752
505069
137176
312880
575447
236992
221194
678047
761360
149852
340367
902583
176061
518234
403331
567218
409926
319879
301282
841471
317167
71782
503767
508961
602813
655482
305573
546225
354061
385196
163758
923043
944809
319676
277761
337321
381572
922325
400837
103907
992603
860907
186376
575093
906178
233995
27333
76768
431798
927364
294915
954829
455628
633369
143658
1081
951211
238271
801237
717064
293447
36271
137064
942222
70440
286238
849873
333167
914276
367155
68122
528283
242652
439042
479853
892814
836285
374477
937883
394241
64260
475352
646842
307706
527306
65985
264227
144022
640971
580946
408459
66461
42407
505420
922074
76846
855217
418613
245169
246279
85460
476783
755900
457466
372735
920244
532910
917530
789144
743384
970218
597153
165999
717805
995977
781207
921852
145368
550683
555534
926076
280364
670808
879255
370086
724487
444678
944207
452967
455841
842771
691127
113375
3436
87865
418858
547281
141827
876644
724609
814013
933824
348343
5441
36024
557054
925918
519901
582472
874581
513839
660565
152487
94857
765619
742325
671493
259601
509222
376121
217287
607991
378195
518658
700704
797416
128184
398425
952370
164596
761813
870335
750383
744573
696968
968303
364129
56869
351390
210207
442706
210074
840256
704035
714507
548392
809083
407813
892600
324223
29449
373098
784793
643374
369206
801314
611365
30792
821413
630033
497159
395347
382333
635136
170441
752756
767251
564532
138906
530439
436540
933166
413143
991185
565691
244739
791107
515332
202758
125906
305696
103628
979540
86183
63540
624915
808821
947485
614287
123527
64897
899157
351109
545855
486623
942206
33362
606029
311402
674946
253991
588961
908786
32519
722407
711893
737570
464243
142060
980734
328703
444297
96568
27637
64420
987557
737279
409319
114566
541373
68571
584828
408078
808961
707684
178042
66398
73646
546824
54933
943794
187254
263626
931014
181175
900751
677995
70527
764661
163248
764083
489096
317029
196246
485927
737753
58583
357826
20237
517651
20506
851917
389853
417459
885077
284247
81026
523347
544743
974309
765708
887292
737980
280998
404418
520319
687054
897989
468164
53196
154936
164500
736420
712255
359369
637431
446354
259289
8078
430979
495911
215003
823478
902270
151668
241048
587233
880686
753693
612104
136824
338960
39734
4096
442299
410467
667306
46621
410088
329567
656587
977867
348711
331263
852112
690768
347461
619234
758359
76810
304615
484147
281232
934428
819459
544720
989379
704832
168982
364802
156926
498657
582069
937966
825774
718849
661102
92284
855301
364299
668823
50779
571826
150911
224524
644119
325148
699531
934530
298626
448996
614777
857373
804181
15784
243737
826893
523636
708053
695141
138211
591898
814142
439018
840129
458755
222853
364413
579544
119569
469555
75063
687333
533107
257883
85037
424329
307231
48772
916391
259841
708878
19950
532862
12401
307450
413975
445108
442327
436503
630021
35461
2819
779809
142655
686455
91890
236583
471564
187581
110108
614306
89246
53682
511327
736691
208493
135529
699570
4073
430716
676839
769495
415571
375808
214217
735001
510559
666512
915124
266120
324647
42505
793123
442838
634222
308975
466570
50203
830649
568393
208975
435865
858666
931163
949363
966762
402736
360088
859289
737389
544037
545272
937222
631754
415274
231709
701410
970722
704349
898907
498528
199205
330080
811806
508782
287901
279987
293893
879077
932681
390460
759370
435537
454214
768953
260657
214121
39025
435731
687323
665499
918137
617160
654591
968680
115672
76353
845722
820278
704026
459090
950465
888541
826420
202723
40419
80701
127562
151380
14029
114215
375621
211399
871880
970122
363537
778766
918428
238002
272213
389124
176299
106520
33625
757383
676650
521769
9774
630318
582365
121650
727771
905909
501660
992264
972055
281619
851409
455389
410100
477364
442327
673535
874195
364947
759572
855880
426286
313165
701705
181402
777977
800135
595160
962310
884231
155658
157026
209221
671754
997645
889755
895572
495053
705775
475753
89079
702502
472198
979468
284412
862748
422552
537841
389341
46714
506669
30025
368172
708982
650716
33892
799306
83737
547527
565826
787143
936663
895119
388307
620920
419296
789242
901637
351285
655467
124888
987432
607558
268013
554145
326666
183714
981683
572364
406905
971072
573600
641716
918651
807401
9025
238126
481297
18598
399668
782497
106264
958724
606046
28913
223590
10753
46284
179723
350748
240368
82703
161522
903232
611657
994086
969892
429378
600296
237612
84678
40926
185486
763014
558218
583743
980769
266522
330421
369153
165133
414615
195561
633143
385648
115162
753188
486784
738885
769733
857217
370243
319480
516409
145029
586579
106103
145603
852382
641566
409404
681742
136404
247709
865185
968892
717628
978468
972768
410400
155482
305991
577714
872643
946520
719180
932736
592711
143271
769459
138843
110592
557002
198682
586800
494896
358743
562071
485217
530430
962832
317968
254192
177592
164554
998035
121116
340305
789262
969989
849159
42977
278292
433233
413626
223308
270387
234312
448583
707123
610900
281184
644405
939981
610667
147490
120226
358954
781356
582246
986944
744797
939646
123329
352979
103669
335874
575802
224837
146443
483244
832780
767441
29349
582688
231540
557840
316613
96711
548877
755475
294620
89524
113624
501128
865134
432741
389806
713103
712376
153934
430502
569993
84845
102998
133528
642463
254553
147724
344039
973510
679771
158814
654471
871465
916257
582370
687552
213978
616031
482145
564846
239567
469259
960240
840589
116593
369018
419739
405878
962653
969136
518418
573667
98556
198461
839451
90397
315841
705884
849155
9190
737368
42036
959749
109920
692993
249142
518810
919738
63735
231348
545684
602130
359314
703955
386903
658972
973337
470141
847890
147730
950486
836363
871401
672037
585116
126421
119593
796398
496174
117110
499637
630399
553218
908460
271099
2149
999845
752487
455216
599936
742073
595973
590048
404425
554188
208798
468591
671046
487639
463588
698771
613291
964409
513113
111407
585663
870467
338672
442179
37013
418354
109103
306961
982141
805057
688320
333505
3556
976653
493909
488048
791155
699003
516874
327140
236456
280799
983554
831118
22057
826026
379214
797083
324201
71376
140966
349650
444652
611330
662583
424200
879545
572422
587723
954860
724439
184886
722750
331620
546380
601750
343496
388259
289498
850148
39011
248542
593665
578844
219330
867883
37767
588000
74547
485363
34106
40949
502093
348266
755243
234574
931551
937288
323105
433351
301970
590666
31096
299534
642056
677513
589242
809187
240268
832886
650293
878756
19788
136649
767518
693560
205927
5814
122697
586808
514547
700247
344388
130187
32402
149282
848794
824615
591748
257451
898222
521800
492852
481970
733812
263190
592731
521402
217695
858179
758286
977036
984808
602294
993762
587181
482264
692964
627324
691659
188582
873650
134930
972660
906034
284639
90997
223358
144720
234800
528185
671753
858977
117242
550439
880354
220710
493365
680508
399580
530931
546611
926598
911757
855890
627955
921932
444464
387696
633608
699519
282431
90177
40584
965880
950159
823237
874539
735565
728915
806648
367045
652074
508983
912275
146187
423423
432912
321035
492854
534591
323811
835346
397795
997095
126909
529209
275934
963800
790005
984623
441827
840585
41641
966830
819016
839645
985507
444582
40171
893120
896496
13644
680203
957927
863022
253503
726056
866048
494949
850449
331578
983360
153135
854942
335920
685986
292616
757954
768474
373171
828944
590571
804701
433473
254841
122896
664774
800774
655675
959363
378817
102110
85209
749986
64089
691827
946575
280655
349601
417450
448400
295177
863704
516229
397143
654189
663640
468756
207605
385534
245279
628735
762184
538302
404455
130769
218641
385166
135084
700476
466509
903330
229171
35755
762929
975234
723378
428006
400065
284324
232016
460388
443040
907143
886387
89863
47715
399417
354328
388707
988647
531706
724775
622799
7497
187380
738060
925883
197240
670872
259149
257155
578234
592593
280515
901238
405744
267210
415305
349284
940122
155317
566954
745950
537567
246482
444709
266517
450786
163286
926464
651307
324422
213275
392584
96091
879553
488348
224364
606100
841525
448170
761026
76757
144036
715454
964386
501532
841478
327317
722062
463480
320856
244179
873315
123172
12108
985002
65947
972565
778985
3977
585296
746093
19702
370456
640549
96753
689400
607852
914483
234274
109651
287506
124679
323074
764170
580209
801634
856240
849588
6404
896297
348715
837748
580118
815136
244436
417627
455380
729888
757832
440854
681097
506334
583498
204294
650124
148292
448140
201574
976174
644025
592560
711340
997599
849145
880679
593855
553650
135904
938363
345864
393162
398044
974928
162209
495546
434441
67203
698205
255984
832175
300744
236064
719517
93881
718155
64850
604505
712725
231767
303935
914663
450769
258819
536230
921259
990532
425638
667880
890719
178287
538599
770458
361308
478208
946413
685748
59812
602966
683480
721419
918907
697246
90998
686251
467891
367637
219969
189163
886682
536787
943252
630942
667113
991262
184757
575250
455552
3540
586522
468796
130704
878538
710435
638898
964103
455456
449349
408534
661960
514007
333544
924636
804121
637538
289473
378158
40500
771133
815930
634397
716410
968209
994949
927847
271532
355385
154032
447553
84045
59730
268612
681754
148962
463338
949244
729328
631627
505791
456044
199355
194547
475067
96275
351319
219028
174272
456745
2379
734892
84967
488533
689120
682336
499958
832249
433511
623020
450773
914926
354560
162592
137407
27860
84967
663176
506445
453881
685600
16288
613104
756448
846704
569869
21325
802710
697365
214994
387553
848207
762735
717746
809118
12386
258956
421646
22775
589796
474611
457940
38381
800875
75774
844302
874146
472985
207732
515463
939790
460966
557875
789045
673482
842207
115906
579701
289046
129141
827574
383355
938879
527328
667255
983885
351783
836928
675680
403336
324832
678945
174849
751626
95596
917837
42119
518764
829857
176218
19143
588702
177442
797659
340845
894492
555935
554417
351301
86651
586143
63422
630501
800938
368345
387218
635811
634181
32261
609323
821138
959659
350486
839876
360100
642376
800095
644225
131958
770297
593325
673371
841330
958390
197233
589516
133812
208457
711509
78406
393636
133430
859652
951972
593601
687421
86830
556495
672229
555384
248087
404137
302943
705293
221771
796049
529164
83461
859355
753257
210660
659264
500509
293099
171858
418698
145035
318465
575343
865652
108468
184831
565220
429794
244220
728393
941690
483478
975264
678891
606176
678946
761705
88435
664376
946133
363033
504541
206440
782178
487430
130740
996800
553010
130810
199586
210029
37244
895855
773247
449133
695247
793684
860152
713295
457877
521980
291773
769654
563614
721976
984262
726889
656715
837392
113182
572528
875667
465493
943758
859901
519190
38068
694290
83017
296747
281291
478793
504189
284722
491772
20688
764570
707252
690243
420601
978247
742615
838896
336611
460243
158852
97677
23328
437486
810680
883265
34620
856135
547277
572320
909998
258909
291475
95259
603490
33373
978258
346704
48608
97194
675090
632657
738096
123561
131947
548699
240994
838952
341825
592028
868659
679667
694212
488591
337840
627353
94671
470277
141001
771198
219089
134795
90357
801906
487379
983017
196193
493837
745853
605486
908104
858342
657230
844950
447218
79703
996711
233830
947044
467471
415582
952877
118360
715332
38387
872343
989604
283355
730335
411030
267943
540233
722384
699663
546538
508619
158627
894429
248301
363137
209502
611498
911078
19496
913348
458510
124448
138073
834842
873208
858386
846327
555431
103491
687037
422359
732370
886721
246438
535010
16727
157356
995676
265218
37186
894222
403928
161720
865501
116251
605580
52478
528210
547073
519232
243131
520479
519387
442224
320868
174833
870783
69061
955419
93927
463369
651543
720275
530154
633573
732962
730604
908310
934691
664305
736350
618914
808260
593348
252739
45432
70736
850340
361997
520830
200474
73698
58249
961674
578430
843848
943108
363546
917420
993941
857681
289949
531921
909204
958906
867437
216324
286090
677186
940506
461039
110448
685579
296765
288708
559913
607806
303868
338078
109683
349841
176858
860671
839198
245948
27354
836594
906769
320761
59904
90848
746188
674435
608923
318692
421018
772549
997375
268545
617519
464948
30329
95259
495826
953296
472570
848155
960212
160971
255732
79947
937717
232260
230421
591681
477645
969777
828528
543672
656687
905801
853114
171023
909210
963657
281709
31626
348056
733372
800619
90560
631610
648439
428820
406184
509759
622871
28314
845628
784604
173040
589004
356425
626974
215672
546099
264040
555281
917866
485334
255314
440221
139893
961600
519098
586956
701746
206404
902271
934425
827603
902274
275042
513046
903632
419307
202126
704999
253153
866134
368756
356741
389891
709701
306075
685851
151296
281941
648137
988427
338512
25239
730947
567028
27812
449104
994193
517798
115396
559536
959603
789827
867251
466324
992555
842358
426473
4704
299722
739448
667002
411245
497087
65416
157191
432639
945798
63123
693159
21006
11127
443013
329334
128756
686389
306111
539042
643750
153170
302483
751630
785191
443809
159163
713334
143286
348611
628624
970803
199338
306781
269405
510479
42052
851706
349477
908638
995979
68462
589287
865377
523456
744789
855688
726024
270237
466384
708326
219416
108957
428480
496502
177850
63187
958346
307870
971108
863853
770703
784559
155761
378790
769054
142553
759431
269923
472373
765744
852201
522068
567491
391088
920864
863443
868756
146247
877454
678864
579915
204451
430329
215226
149371
322889
933314
649484
144937
537116
48173
461268
831418
652307
280498
556193
935325
411677
173573
916957
348355
431484
714767
675954
687910
773521
520863
247435
874738
234754
58453
813684
668147
18760
82784
200492
923935
774749
259136
56133
702396
249779
134333
862897
168107
794498
131961
218810
91962
526315
624231
854926
475898
956786
743753
983511
470743
293855
966198
649116
247847
305164
8179
540746
215672
904593
957485
807639
691918
231287
322201
697474
246157
968513
398557
611669
604683
91088
189542
805318
525893
964930
268783
98565
523197
853005
661432
979322
5573
542858
998234
137689
4218
15092
238106
705605
356248
936864
858382
169954
54924
831241
982315
842910
750703
996608
346393
564303
503262
584669
488491
130799
924905
361081
518287
808312
529484
970184
79006
482996
722662
22049
981698
261095
885080
837224
638771
97832
799338
898525
523090
4849
248325
571123
159323
757055
948332
993333
923355
65306
165582
311235
600131
917727
716770
328181
994435
35235
378481
827321
603897
177383
837963
262216
755828
292169
679384
335626
968362
556005
436719
17116
893042
766283
989344
522741
896494
141928
770518
284145
871932
344303
529141
648534
360822
816857
712235
287644
979816
566391
775501
914152
620632
950361
849164
769724
253393
320407
510650
234160
850780
561572
321300
959623
392124
990808
695220
731270
492562
898491
446008
581216
235086
161496
447426
394482
304743
815995
458158
140593
495038
7129
379893
26327
802826
171465
607267
351478
400207
77926
94482
511120
946848
544380
318011
207765
27689
417736
941780
539393
28725
74712
668306
463460
626243
404778
587704
754166
787801
954801
354479
337010
463071
148006
297303
88773
337163
276124
872312
199668
969514
238499
643236
663500
857415
680787
890963
357596
898363
751883
413704
103333
176045
842094
18398
888302
978523
325611
888895
581879
935132
927100
866772
917712
695674
902490
275876
198218
223786
313070
808749
587421
690939
216969
515127
732302
372140
555570
717016
529914
719121
981669
268367
769019
994349
985007
102596
118565
84218
542461
889766
635005
395985
164317
561275
387243
414012
132281
342264
246881
559396
240577
924360
369188
974978
231866
918638
481967
449973
133369
895991
190334
204466
48907
244321
410083
687564
924742
770084
91602
960763
767825
612396
514408
535641
650082
224402
47677
797737
696055
433248
873149
971947
866055
129318
31700
905998
853629
889843
668907
993064
567362
821396
128632
323232
196913
968417
900194
641589
901066
738181
102703
57212
991331
128736
705874
449660
183622
57870
850706
19341
208394
657763
295141
393351
408407
365135
758613
644765
490943
379471
50945
800457
587540
951715
86922
224795
708902
763745
190616
325771
27362
86397
398613
269043
755510
969751
513788
968918
496715
714320
758018
818529
610815
339072
313254
114510
703952
679654
991551
565588
666488
53583
597883
466937
380638
594305
531311
416341
68514
929650
338880
273658
731072
170996
786902
603410
684416
942081
894336
940376
494277
100395
363024
878741
451819
450521
203675
133606
71502
907681
103137
601118
609404
500432
424861
748421
368679
726515
299897
816844
452465
884745
191539
435300
440401
335339
653042
891621
379844
191478
167605
44292
259295
858310
170969
518944
809141
295285
788374
806713
92336
303957
962947
549826
202067
567827
896725
899915
66911
535671
167901
367307
323696
171766
762860
160213
584938
185098
884958
83604
133828
103901
900008
653713
385725
806793
342505
928845
82720
21907
254633
317920
684649
753678
513092
355444
102944
855397
840929
45358
776570
557971
70028
219955
842015
861876
368774
69562
360608
29280
303845
261855
454267
377487
758046
402814
416771
960610
972730
576791
166620
968538
115182
731810
874099
280125
125649
333258
764493
531501
176214
964577
207285
722428
788325
359890
420790
662735
167011
950646
765731
550909
86002
560721
104747
797761
621358
137973
183384
402831
27404
621695
637685
312999
265961
54026
234294
729885
650066
904833
163733
245030
870097
540045
439942
533221
273282
608184
672550
750244
905290
715489
408355
893866
666125
490027
965780
129889
345382
890202
994826
183919
339892
935436
964069
760698
317077
843189
920506
470894
536360
525634
854478
24079
839533
52016
431757
239020
435307
705927
914454
795752
339900
532721
280551
417931
789192
47279
745517
451073
90751
969620
494414
416923
557519
361026
363452
229864
991080
374262
525415
946967
447213
201501
486371
330559
563942
446803
80857
295587
331301
658162
529939
25416
731334
901130
803025
830632
341445
896452
784773
804643
386816
588450
562829
722960
414271
953515
241829
361567
603728
963877
154602
535268
954507
230352
72561
391087
803450
854955
816652
408713
81831
117990
393939
769899
933767
663522
689781
668992
238972
623203
638668
136756
6162
372188
846608
142431
312673
228981
984858
211184
282384
433654
671392
726553
976840
468107
801708
212901
158285
869733
48722
640212
55103
648282
555160
554952
954779
356254
7526
16008
369479
985694
841841
807071
657224
149429
840638
987296
501605
99543
464985
985019
22427
214975
638580
165574
711651
465736
547911
118797
645714
695066
391327
589801
228844
966390
567884
774795
355772
479726
72810
712494
900461
185634
639004
870520
267060
189832
54061
725266
54783
210597
893913
802207
904288
840662
860584
328163
885943
61825
290597
873050
812966
629385
50017
790014
353054
89909
623971
26235
88338
192854
682298
79476
889182
808434
899424
400658
64924
167831
571582
852393
519559
313194
923881
529980
279444
353612
389794
110781
804856
627064
808938
441362
678509
204304
262176
579747
220438
782404
656287
970388
806281
271879
432485
362436
4396
249115
299171
628400
546698
626556
155310
505743
411481
276898
611114
124463
724160
564586
383301
352768
519860
553107
146981
237887
781440
36197
47333
795690
63946
557479
506589
58291
791093
372335
878866
24090
59622
969089
737580
476265
387148
389449
625172
907606
277491
803672
801798
127997
927904
634088
929940
265637
393530
955322
772902
29382
355593
244175
872460
517398
411637
595379
923513
640231
272245
168839
26598
401288
647049
405775
703393
7330
739427
902398
973185
12320
869938
196517
702052
383254
367961
470114
306812
141589
561298
414659
906275
904389
39587
845047
299638
918719
345734
996619
296070
510560
239720
223095
291071
950035
195883
801010
765849
374191
461659
938848
680621
977938
399126
170243
438029
216026
257844
205876
298374
683800
213239
462987
926419
521635
60892
907893
381713
27576
657665
155329
613077
438718
741803
485687
898933
827274
380788
53145
456123
316343
428812
324437
560090
736270
853090
631667
135871
525483
66536
330099
641336
890082
854364
219251
28938
877601
494959
41727
327641
487110
201564
848394
873528
230878
17176
492682
413602
142780
230024
129097
941879
549616
840927
154596
407533
670393
955634
137502
759652
956027
138826
510212
954964
698757
415595
223260
27329
191292
370017
938423
174383
803941
792068
121175
681442
833523
772153
103183
100950
726118
741138
219253
440248
740836
602636
893248
203107
254797
740458
839507
476421
808348
629733
95031
524754
325582
620806
612844
551030
694693
283221
75364
63695
930896
990234
187499
831422
550772
457804
604532
306686
334887
629881
788149
804771
856753
837388
48700
300106
985634
930085
273395
240812
305249
121282
204309
18559
864861
909173
242599
847092
340144
391350
84719
415219
940107
730008
983884
560372
951307
998584
242905
866491
648378
392728
37720
855529
135909
162298
734727
774872
34857
821989
389771
38658
822150
52776
17684
563739
332784
596072
915841
888852
330938
647604
954193
552507
754957
564135
435001
500431
818994
587391
991324
389691
285008
276631
991465
233148
849444
703962
287625
53675
917607
283770
720745
777926
515733
317439
30591
882657
416370
247076
673009
673377
908482
710309
42847
137675
162769
376686
835148
684998
783000
147900
253220
374505
662718
25029
930775
230659
631528
245439
898441
645223
206649
970383
840323
165181
38179
847813
161098
411293
276983
58645
678181
599332
144303
623066
776213
899598
723626
96457
644243
644347
823821
910105
222009
953679
667275
111643
911061
257448
547130
884128
886538
655847
21252
855066
853373
469181
433789
139440
498442
310912
711239
819246
838781
887413
831115
579521
798284
31582
210989
959702
188373
631537
190371
150322
66345
881779
469383
464385
28719
324890
368810
415173
826777
82347
804599
482913
143730
674676
594837
692996
901435
897816
538033
863909
441029
841918
641425
639734
187723
646030
264782
684655
362604
380286
660639
788063
140032
462344
161640
391849
776032
569148
651869
243001
834237
375819
468722
966743
666188
70884
814723
831954
560985
289912
445173
710481
482671
101605
485696
501802
885453
883513
649396
901936
462925
131454
144629
178402
769938
122048
192929
674186
539931
629071
781699
737055
862271
82583
109109
281414
113611
926729
534437
302972
221925
519767
808164
15618
912269
925590
323349
683620
658993
359190
502511
437536
150670
15566
897004
78474
888027
582680
256254
684055
800620
199268
788534
994964
432093
775321
485965
35887
203421
142492
985382
133301
556566
106390
518777
975404
825099
241123
222510
58119
667728
301876
442487
380612
182170
146131
917277
600340
736848
734567
515189
97401
58801
567551
221556
282740
266502
886943
266003
126978
774132
642327
584463
784742
584920
588737
363471
584116
349750
491485
334887
994782
714041
460715
275430
200946
312455
611003
477616
251226
707046
303411
552529
501714
609380
439146
148673
107669
376485
257020
301644
325038
843163
7269
955603
743614
864550
9133
369324
858478
656260
858478
37602
556501
373264
849956
680754
377542
557004
898292
481642
873628
162884
740755
250196
461593
945643
513935
348729
243612
18010
40903
653878
950752
426020
946034
356704
810136
606986
888840
212205
349429
329203
109200
991069
725752
777040
565978
705878
502976
95377
23556
667083
494920
529647
636705
346605
415279
789253
308171
211323
2988
52533
315911
809453
402226
123921
923645
300127
666510
830608
290400
152241
519229
386810
990819
831592
947948
268911
4825
444346
208056
170067
519728
691478
249147
841769
196348
762236
614499
32162
538518
390893
746038
897965
720077
843550
13559
604544
742045
698294
822059
140942
556281
514892
630639
448672
146030
728240
241904
488821
2801
908410
80672
567099
980939
336866
877944
762142
533162
986201
434025
525875
706136
482704
742424
89536
859848
708916
21319
224304
175043
870987
860751
606614
340468
602796
565087
258355
312642
441628
572454
347869
794836
713485
661732
876492
776625
874413
132748
864105
576293
331217
785337
110578
242129
744353
32795
390721
608739
469516
714702
103251
637793
705923
933219
452579
686608
695997
497186
196767
83577
164501
800512
391174
599735
329588
449056
239644
465587
436911
714765
393085
289815
234170
171729
458208
897173
773291
224764
648139
741366
655577
179718
813780
455731
963265
627358
16090
988115
300473
851434
12816
906321
834701
55479
977985
815351
134837
372842
626599
637744
456015
97117
358525
226613
795843
538431
983389
422998
677771
479041
703867
109898
552827
784792
831504
422442
135408
492509
992701
852311
859208
358137
672154
766015
920927
277631
417417
134752
343663
825274
484071
887802
114019
887977
320101
54137
70742
142036
168533
217186
397844
299438
299358
955262
676679
630357
704803
696729
4764
796093
388822
656948
507343
884688
178846
555977
831185
74910
718633
424576
365724
748602
379472
153583
135611
170256
206370
950152
852584
219785
53137
606114
334943
591100
209235
194924
87998
403412
95989
614033
241178
991365
950634
408414
557238
768752
867198
739328
679434
71685
566508
943180
778666
999370
601107
672737
804012
409606
773028
882185
764058
321192
818779
576521
274333
36586
608327
892383
916316
632128
391672
836120
704845
145738
649094
868532
568206
672826
604846
687701
454190
517146
713725
982989
654106
180809
33172
394739
889738
903290
101046
478854
643213
759154
852283
126130
116050
487823
255269
969795
382147
794345
676384
625227
53202
352098
647066
961454
858174
581037
623183
865297
725036
197296
351216
898227
414005
811959
882719
968225
579551
694079
643751
307533
512698
457731
64879
896475
276115
473674
161269
343237
113232
873696
380129
427870
219010
967829
95834
8434
308150
705728
641409
224596
632124
330904
155671
77734
250135
26520
153274
681197
964468
227139
699697
17982
724813
806719
122530
475546
904280
944476
736865
961956
556645
519623
598154
600547
86466
916732
385177
699883
716506
766897
709830
362441
168420
704928
124011
362027
895995
711494
230716
22396
514916
431225
685846
158011
969941
265124
632250
59739
861592
692247
926972
364910
490345
473452
417596
272761
994401
125038
380246
138398
15914
866048
881836
750600
371199
134072
792520
958909
778933
346076
859627
90298
165151
268858
647397
598148
622839
912791
876717
450697
187445
833059
188220
563347
283332
842199
910461
311884
129311
509346
822179
994945
239928
623578
241440
761548
918783
727802
695108
882997
567166
132220
760087
295331
793131
801754
929814
602368
856145
86012
378084
883637
938405
176836
180086
474627
853388
561949
901199
576030
479886
108958
501905
25793
400570
480967
694649
366667
267448
360750
784893
776948
732123
303171
215677
700147
573016
460122
399018
233267
77115
792003
968911
132518
565220
889837
712487
586276
446491
255063
841667
66056
228985
499132
540336
273406
497477
336033
354712
731666
627745
540293
69881
916394
636552
837336
810901
98473
246960
88968
690912
507336
946340
793632
104639
992306
399582
374333
729647
521727
67871
849353
685385
691156
519780
771072
47215
746628
966568
715284
530469
794555
167913
437178
861122
352162
920830
421527
570064
318259
973299
329678
238249
478251
885240
501361
633572
460048
551944
18951
405786
487470
719531
389323
560197
630246
603690
105276
486211
526278
603550
419314
84424
308663
929820
569257
642662
720805
601733
724542
401519
64534
166734
757208
433909
88632
239589
849330
223377
827124
279575
372314
193972
604879
769996
675240
516422
547788
861256
111468
437536
75555
954098
580090
194651
255524
14918
514557
193106
864544
574729
608900
709174
641858
528939
954554
603863
460706
879069
644054
677950
604451
463052
945099
241153
231395
329561
931337
127974
828686
605060
378709
51978
482657
613207
181380
314240
553023
403052
939639
612446
717327
295427
520258
930389
227035
951916
257951
629292
242696
286197
39275
78282
444746
66438
672888
904820
900990
388556
855089
975375
178521
286679
220070
373092
383411
945463
784233
911127
217419
362600
674999
656792
101882
603962
781925
620611
996871
254846
392862
815322
255116
399742
610952
964239
581838
767776
121672
119737
724214
72026
425695
185110
317151
963659
836822
276248
236892
425096
783544
661952
351249
186080
214898
68161
31620
919686
98941
530249
229694
523784
994605
631574
252814
803708
840210
15531
388566
525066
821730
767173
252864
322751
836817
44497
601484
204294
502699
373349
25557
34742
439726
537237
336153
786997
382838
362365
637101
172199
385158
690679
352960
240489
779759
890242
918275
874910
275284
666247
101985
255192
343134
296359
963639
660553
569740
983242
885066
190304
892462
416439
375432
584023
485158
321283
951332
245134
278181
83544
896600
375434
912239
214620
100245
698289
345965
417178
289063
77594
516078
729492
632139
156604
892288
267355
168443
278639
118635
219667
909576
128660
345075
158879
419573
699397
834109
122786
127583
718919
123721
337861
665320
448262
629315
756551
706679
201401
897515
620289
74941
252948
922910
843007
931248
342200
50881
768143
208064
812036
218842
467260
342306
42128
852080
551316
76452
417804
897104
952216
562368
268827
371688
169590
55614
315236
142239
137285
909445
20437
734747
923541
47357
782548
214928
868466
108780
783805
683303
448043
979909
38852
140512
560677
441187
714233
79130
834292
688323
235874
461547
142436
974490
3007
527117
629302
938717
764277
523204
25300
725500
612327
772592
548201
652705
744840
244257
852599
977931
478708
557649
425089
454540
394832
388703
944734
468667
80847
39357
791197
517258
540331
456458
765441
703493
644659
287005
149843
861854
808914
142892
675454
347077
22836
256476
839105
156288
137333
673116
423508
374493
602657
450122
178699
7484
884040
267942
614929
980921
715485
909016
282011
637079
466335
811256
793067
27538
551585
299804
355
468793
763842
796975
674863
749811
124448
360145
558986
89825
646621
396138
329627
874918
416370
6105
1489
966866
277126
304766
673700
403920
276434
659951
131542
430276
136566
505132
560433
244301
746223
519085
204094
268661
368162
927260
363242
688571
659845
681349
270866
874871
121957
97653
795751
595046
714368
548505
487415
674483
711535
610844
252118
816613
644847
808572
189409
857036
140127
751287
583193
251666
76052
587454
813285
418841
333867
952892
643751
850992
156538
164652
837767
692801
593663
500868
71290
479331
991244
170710
207729
616836
47601
199957
745496
794374
129633
678719
192890
860524
123941
784739
372010
975610
654625
47594
800898
250409
889585
259196
464208
122142
762986
193680
986747
869629
231930
723968
445458
910024
425124
622876
403407
763781
376638
551325
427925
975709
759002
803569
582091
81061
796164
92106
774724
796739
645308
583929
818373
395943
614933
486332
351126
47499
781319
210411
58785
761776
556449
627509
563956
545340
363100
19452
258918
934969
655158
958802
710754
937809
576180
783171
814174
384152
780629
334369
65717
302651
140325
247944
542504
795067
571457
648510
190713
492170
802934
307467
404362
660448
76626
175732
934999
509430
190327
680587
631234
650939
945567
244372
712372
961105
966739
576118
179993
71870
401621
67392
671459
287824
999810
789167
810627
965836
244936
807719
619116
713611
193683
895509
583913
939767
795478
757786
691294
568855
779265
735481
199039
332335
468346
432285
44061
467602
831844
224732
357831
515934
645507
315928
412919
997102
813598
678825
972254
700273
710510
823600
434757
975645
423200
127394
123185
934027
131741
18997
205488
764442
258533
884124
7825
35195
981482
357091
987258
380637
838521
538061
350427
423728
124571
231532
935610
100799
361658
283886
247846
521077
354686
927976
901079
777691
408025
202398
313589
674685
998021
29514
651572
496820
710465
190147
886809
154702
961525
348772
281987
528579
381474
199204
776890
681409
28952
576890
48323
573035
109794
756255
662786
999925
454888
832292
440734
460861
919623
803999
819267
837846
411958
513051
852727
112022
189811
932942
541234
277898
268673
314645
565512
486743
711027
823416
352670
996461
393885
807098
237694
525345
719547
304361
156049
881861
629308
371786
544778
557215
513499
573317
793721
84402
557257
294797
482485
599023
749719
435082
789076
686281
468497
234668
367347
450290
948968
379547
943205
359241
543026
47786
859436
982890
117198
701374
358943
953679
821946
736903
236299
185524
562313
439491
551662
777091
384327
364011
993972
159866
886920
896666
615061
202749
635997
218298
243593
61677
533950
723549
756396
579095
230710
726005
522137
871081
46493
219328
708074
947962
174919
151705
819722
90402
734315
356150
879514
609249
506049
38456
884101
345235
301312
293756
860913
950392
725130
102776
870103
223643
52580
153906
814774
923769
996046
219543
672022
462024
110511
74059
944095
135633
779616
457490
843489
881854
500573
507588
729744
567110
99817
247804
701271
152744
475798
762476
771140
136430
721584
787902
364680
423572
453928
35553
944602
977367
92
246722
503182
802621
636334
453177
625976
716051
120258
649323
758354
284357
624518
958131
554891
760069
326153
218205
379682
929119
675631
163406
550009
651610
781153
982482
206443
95707
771041
90711
261857
132322
575032
704175
74367
527792
696385
464631
179819
517632
142799
177817
924490
743892
126552
156930
275158
556569
276219
7165
902921
267605
170678
662190
10962
783276
231545
353762
144574
74106
808821
471665
360611
163763
502700
741638
6597
765668
406065
754205
715688
649087
28709
319665
689763
351311
638420
730354
302384
344552
160368
545908
155658
434005
581636
296382
65894
486435
915482
938749
136546
778258
281641
558257
947448
211149
683948
532256
209700
257950
431678
79431
327423
609962
758146
680455
562549
246136
892517
742976
785982
531084
631064
451498
776085
403576
872530
691093
368766
329221
319948
227095
650218
409050
483701
977440
758826
676925
372427
887493
357125
645911
270563
114284
437318
418798
704030
982640
182772
74124
773904
976840
367681
628780
754045
47667
550718
384027
400767
504426
109081
190554
244384
916429
943144
758780
689762
244080
633673
778694
564161
980056
344236
317690
217850
241394
163624
64940
39026
28166
683155
567148
83241
864767
462136
692230
77509
411857
629523
466592
693291
630495
55741
200256
169181
66468
579376
693514
944123
86913
613532
476387
533864
531133
744352
141940
424853
745521
407757
879863
552173
221557
261091
794482
650226
757832
893472
728147
78553
180398
457458
834080
598730
361384
136148
51160
443732
159190
257713
991169
52364
434741
666950
640508
964680
624754
598625
644885
19896
444571
66027
776958
241326
726088
222247
887227
295975
586775
170671
448999
60095
156351
536794
136051
535139
65477
77002
315618
144524
151071
122995
927430
437836
621393
157001
523262
3179
187027
611821
639926
899689
2035
536721
156090
970778
979878
993220
723327
943980
733667
342331
82893
812709
684164
723742
291443
696843
233575
673443
235144
241694
741334
329192
232737
540850
644818
963055
61577
153178
382377
452371
531816
18379
299253
474690
991937
785866
994679
102324
284032
844064
113315
75539
976226
515393
386502
23154
882883
74701
76501
688014
398923
685779
268772
924344
607083
102403
874898
875079
494007
264362
812352
796536
397704
674553
237488
887979
320179
607462
434039
98733
724260
651275
641145
907569
161651
763165
264098
92336
550101
752100
583750
295879
747593
733749
958890
407234
635836
368484
735078
894363
329815
80257
172165
223001
558435
315751
866468
109619
842604
644478
4891
709565
260781
597342
277192
453134
60277
866386
752356
84313
679343
694610
922278
79484
897752
200869
174313
43794
611671
771138
636696
220624
196135
594747
771095
667739
166929
611482
317460
312059
102523
302183
846097
116847
780184
495494
834167
459627
449617
646700
115825
735492
718041
216101
462862
923266
977331
2993
405693
198530
850235
485642
901922
877351
625152
145080
291681
248473
908666
516386
361476
691140
538325
539577
768030
736668
178030
283346
330363
510089
986370
316
457909
478897
643587
845725
881082
409283
925801
260856
343302
102519
873426
450315
514767
145868
806533
756250
700073
873032
635153
285212
426267
868751
751454
377670
427129
579950
71736
793647
564392
663284
977859
947899
457201
839631
602527
518258
423768
620887
48981
672339
259042
107341
574314
703875
649827
289598
64034
769236
986771
707607
261023
8749
35352
428582
174903
738689
169202
556697
631385
396934
49248
764440
436235
318658
952476
399336
310834
654998
16997
748134
907618
509064
800241
322416
673667
707626
206237
738649
839951
644951
799005
435001
526277
941090
410719
75799
162854
929533
429728
424306
315355
476227
983150
892581
508695
149476
796042
873707
695764
658869
972305
241061
432623
960497
103776
247886
275460
90671
916174
951030
584420
151783
168139
177284
400903
422370
168307
148774
328547
71901
675976
484684
52892
377768
48364
216908
867877
327222
956039
838218
250602
36012
167824
64078
346609
998254
52393
239426
426393
764180
622304
911721
7638
413916
844651
658622
113344
242933
129588
753924
646332
473562
95268
376027
946876
422452
288078
594545
682381
874216
270860
328486
437553
276498
558666
413883
550660
357105
332654
399798
201258
313337
76430
769685
586506
494267
635374
295762
868123
723024
169246
753687
58145
572339
962549
634794
916246
134767
448006
158876
857869
430065
659270
370369
406153
960451
175596
256907
525499
37863
635660
889583
548827
789360
426649
453768
946249
868710
309198
484925
79540
862406
915802
492023
657523
697667
66377
266191
956433
958483
157574
351415
411955
231311
231062
870867
740952
70550
593404
437320
882891
909893
503951
209071
810407
330
321004
912598
533482
305216
674035
676014
630622
996302
112971
7672
689567
393852
300282
635429
994603
11762
527063
718880
284985
634524
538311
74387
651275
752330
863189
654817
888909
112405
973130
95856
939956
959537
728327
222366
976801
863812
392768
512827
730685
712086
224549
458807
2436
147908
497634
465847
578964
591535
510864
491492
578157
965633
981345
525384
755022
586033
521391
978304
337235
277736
70223
572410
808066
991321
91571
878695
517548
816739
522828
371318
713449
301903
193210
358288
823019
674826
143328
649061
37378
827077
338865
23075
422040
171745
13212
940616
180218
562198
838290
60891
455955
676931
867712
610221
339576
494655
559640
496032
152583
887484
771969
202172
801272
449768
988641
219632
892628
63809
635500
729859
550272
214729
912071
224717
214860
533033
980768
313810
474845
319468
133320
397626
33442
637966
5618
724830
27262
780491
706867
172541
708656
478514
658205
601403
580721
326094
672573
429711
673469
87845
362173
314770
917078
160614
434075
576116
933784
467255
778466
853699
168912
618727
758995
985615
438939
381596
606782
306594
679080
538118
87614
737123
708586
956545
269155
917236
633077
748629
645699
298426
563409
435500
116177
607587
900799
799352
408104
538108
79716
668529
832933
628960
640188
863436
736252
501733
948264
353716
541839
398215
836597
243664
822641
397405
986631
704183
896050
32051
974905
864932
618606
76583
318392
249453
711033
936115
211309
761764
14979
843091
873238
811988
29137
459086
40220
830737
363156
687331
300173
335568
737682
337825
279357
485146
458135
148606
390825
185062
677194
558152
566258
219703
233010
118473
188248
696663
772288
989191
206231
583134
672580
559095
866852
531693
462667
204634
887998
477776
884155
970504
344827
372695
760062
152620
380356
957537
774420
175384
373552
786714
673172
326058
299924
919313
672777
38973
484660
503658
453928
645639
683112
813618
579036
306721
361543
692631
930973
128000
533443
298189
278465
252616
156664
341039
454187
808597
621481
657419
68668
605311
439670
635483
95741
869550
721460
365716
965277
945967
347245
429208
880053
885232
421403
56354
227298
811104
905980
865611
920824
275000
888434
854458
389206
215002
371266
944936
143773
98780
319488
636531
937819
638421
410723
559935
320855
555357
975286
320626
566806
302116
866657
191765
927170
869793
877188
645601
165706
997794
930054
778873
327725
999594
609963
250430
7507
114837
484121
272742
585244
344383
792444
594520
382754
510191
814922
727942
357361
365389
866728
711201
103168
532959
747716
310987
883496
361905
160624
860980
32953
941587
411819
750052
983000
844409
427762
480830
989989
28105
551637
390100
336317
469545
378066
803843
855771
487732
982410
167904
91412
748299
535207
512647
240927
965849
390250
743229
199771
285729
1805
432614
107837
274832
574632
210310
818796
82600
37827
507058
135525
593701
797135
729287
101505
439915
997389
810597
117056
908630
458667
538102
288286
770593
1959
151285
603495
53031
810624
254746
560605
199771
938217
964288
967824
453554
85333
305716
771169
641185
421689
604156
948311
428763
867488
754022
886026
394789
752869
725312
824657
523176
511068
84556
312311
355709
185336
313104
773500
125348
402582
909769
711770
241267
710441
994451
840779
526925
656385
310430
339540
580866
930742
288690
798023
855910
938758
379842
264939
494300
52201
940804
479331
387944
389346
467058
958323
579301
223966
847930
840966
76324
462468
512472
590667
518647
130551
657408
826673
381990
402410
834448
945570
471998
847371
979370
823076
908396
69269
838437
510582
14182
597263
825566
428127
602634
36787
302085
890550
220603
183596
154322
249603
780643
470165
124567
372065
384825
350816
116383
979596
161035
532629
503144
543083
203144
49220
730248
711661
447387
47026
255760
849818
294799
938490
897742
536076
50970
992588
908072
872637
541277
225839
275284
506550
61351
954097
70680
600822
41004
378465
209419
18048
325601
798308
959939
139070
782910
635029
227857
504240
921506
39989
702444
760985
820438
504452
195558
640172
562667
65339
216307
757297
857812
258584
306045
634376
799896
640668
193672
572203
95966
818865
570172
334283
94740
331943
42674
21426
267002
434546
559028
440198
711799
9232
452185
394046
836223
709058
842457
246326
54482
655330
881556
247408
427382
716029
287030
890597
224645
479244
806936
582678
441040
751104
68446
789311
690630
690047
465838
533313
428415
428385
249805
883266
769423
588547
465416
406661
844521
468029
790781
780622
939819
319470
114855
72971
575594
365032
937731
302091
694498
241683
345291
414877
269930
68978
110077
769916
810233
447735
835226
710646
428030
984615
255854
353751
162123
658896
442389
247720
201339
106677
401041
220299
491279
170058
155156
4357
46644
890044
230957
412125
299728
732344
378716
608203
206228
904663
888360
583734
337384
544347
607330
379008
146940
124455
50286
592284
104578
107715
525699
652532
780151
914802
712960
597617
303865
896483
903925
924201
907102
609183
640206
298966
435397
75709
396340
327819
548242
798870
323894
765440
598278
323790
360113
232982
350804
12652
717356
543863
965895
939710
185095
181743
613017
923913
808756
974419
933638
187543
179854
483694
297579
862095
59715
640038
547776
783250
129354
208962
763824
541478
21099
229315
600623
483512
198308
168917
253087
970336
99230
960810
298866
415091
910924
56348
655992
699409
93131
985460
79945
692234
10782
741359
892326
360202
516661
197959
463157
494813
573421
858133
684238
54447
539343
869664
595174
600357
680155
663868
76263
708354
575283
341896
474413
508367
355905
46452
330947
109266
63639
708323
780346
978169
772626
292919
696060
666879
413755
548874
184645
489599
330373
724843
673875
601292
740378
527091
267119
720882
802290
176184
603122
194912
103410
471022
299707
93646
430265
607376
677565
547943
313496
302433
881487
262386
807478
616699
642528
976042
889846
419454
201272
899585
712997
431177
526553
341189
577464
248465
234329
877444
386801
92148
505957
621910
661750
898299
102799
167576
211269
359911
880432
920317
820962
105865
694915
468396
371556
185594
892950
129262
123959
322135
544797
349250
827739
292520
474809
931914
394813
411743
46265
610702
429171
245045
486893
34708
458677
390123
91689
807546
805531
756500
762558
479769
288468
40085
341763
108080
619565
375101
637252
607369
796777
747617
603708
180136
595930
599693
474886
165864
694088
224950
601482
914533
56014
127316
266065
672013
854583
349890
501863
250437
345513
336968
419607
257036
262090
476413
989972
906419
175632
897959
551276
802075
769469
67431
591721
323573
731043
114603
582168
312773
933812
115338
128684
834006
267800
74855
778928
987739
707593
555282
115193
766342
879749
531970
726187
894309
420639
617815
656610
216382
473700
625550
790554
817458
508966
100646
131411
78822
476288
208182
136556
812683
296797
772363
379290
383215
692103
31208
597868
226854
359246
526069
909341
977992
871272
429631
353738
772552
939877
643800
240767
191016
94708
241080
341955
310344
113269
288114
84715
860485
969078
456137
705700
307949
691243
90452
828746
884621
924195
137117
537890
177017
101663
966310
645076
988548
337318
19147
805383
726072
515265
867914
439947
300316
223847
496923
832105
859770
88144
252899
959061
810025
364480
329136
686766
623531
877530
925985
381113
371933
434001
624690
617192
326399
119863
763857
105161
727826
756449
261298
632421
279941
887479
151684
635743
966640
354748
173736
789430
431998
801926
834805
348621
1649
882084
962214
836660
702642
973471
238840
12709
227167
887089
775918
615560
616163
247959
703377
567115
563325
88207
232982
491432
140824
659016
88016
862980
198752
826533
287404
362398
476549
26696
616446
183966
707450
975362
337343
139959
223296
443842
202162
254063
878882
739918
516664
768814
511906
612430
264621
81853
330545
69316
772059
930615
110046
336602
579639
514829
672688
468589
221894
749029
704498
939753
93065
552261
647649
329255
656780
37031
952707
22160
456985
110507
170031
922805
751122
428579
588238
16738
463474
745914
660936
217453
384566
424243
18192
516354
664450
47744
271413
75772
735804
940465
453039
974879
114863
625618
965832
583281
352563
777843
261496
689629
292524
485461
192290
463248
535227
434725
940966
115239
400617
758110
308354
283677
123910
492933
112648
29714
980997
328297
48464
599265
427865
886339
838540
856027
144525
457685
191392
220830
391366
243409
455197
954538
303957
490080
459871
472021
691171
925345
539566
689435
953914
414451
299185
618260
228218
936482
700098
290274
102455
279515
92316
625718
49924
891511
514511
329543
461411
932499
208064
328112
549409
665257
65009
581078
286537
913067
61654
764243
914817
61412
685656
292146
630356
597629
87207
690754
404951
218330
457279
240316
724303
714054
873970
807225
342758
655766
476656
124380
546861
585801
703783
578799
866373
176516
915925
477986
259961
953232
318655
984252
85964
461688
312627
116311
615032
295121
510636
645661
121848
248352
362435
621837
911436
393416
281104
539633
826529
521785
637944
8299
955821
738295
942084
706136
998629
309590
98665
923177
626635
21795
618988
275258
58338
660837
571904
986867
151440
674045
319939
159090
18955
219282
417424
598668
702917
568159
920692
827363
298695
95911
544778
96042
794372
894226
595951
154830
374556
124952
41482
358714
250347
797667
206473
106403
876934
401434
848920
128528
709301
836129
724635
863424
78650
702824
509498
159687
817808
730023
380537
587194
758780
78743
333418
338187
323602
585495
575422
218975
665309
396322
107148
455400
378304
352805
301197
447671
813279
263564
655156
464363
798431
908640
559050
788935
912455
342808
318026
89611
904302
503367
701180
397127
67981
221460
700915
692375
23546
902701
797509
36621
151686
245216
17612
485402
320054
845466
748332
121495
600705
490283
294893
469863
133337
27187
201027
707026
910857
385343
652577
295231
857885
371831
369938
179664
470138
508764
921539
862920
597265
903755
603245
127794
395229
172091
729822
56502
868522
427184
768361
600156
882808
548078
491505
613677
141265
737677
522037
682561
743992
546300
385993
496076
797039
793094
176590
623698
462387
997929
841756
260031
704880
690304
864978
448913
142355
467141
269568
728240
525566
820651
225172
551049
63837
669703
950459
693271
361527
852204
825394
415215
518980
942730
221643
984154
388101
158462
355878
971236
754975
521331
706390
837496
897292
311599
565356
707683
429829
793844
96375
252805
966623
420834
813374
805332
308390
83330
980422
687653
703477
665429
873098
749797
298077
954925
782253
784196
995689
482566
880693
723777
626483
974505
20236
350004
485263
775904
647580
477856
262975
530005
92258
766012
654749
615769
646000
699189
861546
673747
723034
451441
437225
568049
1307
390626
672082
944744
272092
280723
813958
559275
92208
268318
983342
674294
858152
975846
76307
615942
726185
929825
658829
124731
337732
512115
65058
832908
761884
386352
309782
421109
527778
393612
855485
408917
503613
336478
70479
898237
303007
474475
504926
964314
917533
239787
426999
683099
319467
399171
428721
677463
623091
832524
753096
210893
481191
919173
23941
317798
887748
759346
694815
340633
280076
206222
113248
380079
853663
761178
837819
38918
233234
644995
585020
835442
143876
420784
103425
192349
161620
511263
655856
87757
987521
833724
287093
901793
192874
871657
224527
775620
681896
331312
344366
640456
697639
150276
13761
783322
367267
805781
500625
128493
555397
311721
184480
737706
40385
899020
550765
794240
703600
529023
781675
857335
957271
482076
17557
209089
119889
834513
399523
382166
183805
15931
228800
823678
909714
338181
464033
242631
875589
575945
371400
235267
956845
957886
797845
44562
945443
775483
8903
531085
23537
306058
647568
357052
999982
907739
984150
822925
853294
612755
607539
433149
672104
334
1475
473670
718400
712817
929264
849304
677212
661171
511852
607328
28324
549033
918319
101512
206658
675936
223206
218843
66841
435944
252904
941029
710257
866790
191697
883150
410418
808884
42630
383214
573769
640590
749430
166142
185818
142330
304844
125658
123582
584041
861082
112410
916111
901293
498369
54518
685625
449836
437303
141807
305982
239108
767263
212233
860947
21337
347378
587479
647259
79093
428830
604664
541310
353732
945163
715096
683272
152712
892886
51027
75856
501770
214755
497788
505681
725207
899989
759709
589194
282738
901973
251637
30909
807512
882426
838216
800349
751961
539412
24269
742725
636965
810642
321415
175138
322736
586793
42492
505509
430016
909279
616573
327397
992148
321876
370705
610196
169399
34203
586542
733484
828940
265256
127000
914063
358739
942126
777394
460868
249395
276646
658414
206806
432304
235471
329895
93927
508510
485252
457152
14388
941391
120849
164046
734528
91822
802189
939113
800857
620125
450724
117106
91945
474749
211475
99806
296010
45983
451873
992567
40783
829942
980253
143740
187532
649806
219778
767740
509973
620374
453684
579610
518163
285402
138126
371501
15397
443121
247808
37252
466
646098
454147
955599
195585
805807
469172
147622
856239
434121
171550
693016
603745
389446
245514
691923
875029
574269
732955
746580
281400
919190
707603
448752
244551
993246
503420
353873
265117
823429
55361
404880
387053
441216
168433
636850
516332
899425
574900
280547
682360
666052
104818
342363
327674
508448
489413
565259
693092
63589
886392
953585
229729
905633
719380
841880
505069
619030
949621
240115
848687
280347
290576
24379
336480
984504
956403
445760
836633
508719
915882
339934
990687
864860
635192
181370
455853
575275
929870
573413
51517
204503
469868
660400
840041
667172
173307
839711
503705
576089
833146
113363
610373
65617
362780
525461
492601
860101
513399
865327
143170
371766
288980
832202
706065
509159
961092
460892
130745
713382
691267
910131
192009
347341
615064
253501
487326
273024
782783
554468
666668
455757
711953
363713
790667
506718
774734
845342
389428
712016
930821
465123
338602
779353
255273
15938
864918
388503
834750
800955
886493
934540
234822
407432
39384
357182
939636
668210
653996
909368
373518
95412
140329
561287
365198
99615
991702
847902
744431
158737
991814
913853
255177
554848
982267
756173
988667
53023
947429
2329
319021
303631
399853
339631
724757
577666
747365
335594
372743
565578
740946
611550
213900
181610
917656
707650
50952
711028
865333
727103
571460
255972
745324
200377
440667
600504
905713
981521
782793
91922
562953
681851
340224
712209
461815
358714
568006
889974
448009
717574
31069
990395
271811
550498
769695
162106
344419
654312
488619
829097
823469
364483
768556
479410
305081
527066
854886
959503
698624
683661
37884
688681
416548
371510
94828
563474
434196
887643
783982
29870
787835
882161
490489
316753
686571
475793
361177
294556
398465
324484
214884
900169
472803
4280
716068
41389
505252
624504
10462
456319
747561
66159
351987
395195
316482
289775
423255
378533
386491
778742
535401
419292
824376
655167
820628
946134
439813
328644
710332
772748
519420
567181
501294
357363
163415
684439
179477
156086
687568
731262
343783
229726
350855
13934
33772
862421
880349
93344
325640
140026
479331
303063
181017
605430
785150
465584
656483
668044
31332
343124
382293
768522
383187
223659
225025
505755
927995
926999
271789
71017
666763
672421
64387
886857
998931
19864
295516
851260
164247
781133
64535
71734
230334
382810
767632
120504
985816
72329
542018
727309
518506
364760
793111
464086
228142
763049
424187
708582
173962
29862
269354
444766
535039
629557
669466
945728
608941
450903
357567
157660
907202
768876
644227
457530
237378
147105
890145
431027
721908
758194
648586
224969
455681
364745
96502
186269
261681
886733
877946
437702
227144
754347
570917
957895
859348
694537
263969
763765
989995
185788
127134
991322
990135
570364
372571
724009
896683
29737
774639
814612
828369
755788
461974
676764
19178
216679
552692
990126
80098
313060
661380
818299
785054
450843
725133
986763
536227
51955
755507
64280
149987
548429
335245
622489
672253
82307
229409
552849
342340
785675
912202
889446
962817
343219
112124
369494
582083
325703
18365
199561
624470
298207
332331
541541
508205
648392
947120
484722
326904
867559
272577
745352
629093
743266
739441
675049
247751
528826
430634
254315
520883
567966
686189
861172
916601
412602
216178
448378
467513
416315
431992
68739
569836
405892
255612
581259
686206
760328
713401
529937
205530
407593
911054
784652
875741
86270
925891
245572
979625
953814
555088
329696
903247
538666
603903
642468
771340
592858
646385
519222
361568
757350
996942
233676
850081
704002
262159
563430
142673
265298
705805
781760
996143
68247
890370
99800
945244
379283
283084
432730
11922
136452
568991
853244
471121
238343
59
697092
654469
619939
369569
631496
64390
66379
55829
634341
857148
525598
201447
1837
144568
384143
992785
640664
57772
351683
649665
229578
904667
724276
119430
424687
540034
481002
767277
513649
846459
913935
687876
106539
265944
727044
340236
36808
591204
137403
369241
161417
223365
215255
162899
449934
956732
424512
362317
958380
60814
424403
787664
547170
698728
606500
237950
606289
753542
41596
31703
237405
468278
255760
890684
681945
203657
418806
278169
129250
808782
727048
118996
634575
667325
295085
98838
399592
356656
555382
91007
724273
486942
350814
385768
199586
565969
575526
506699
691970
691513
560250
461898
737487
167275
878342
578418
870080
569770
