942452
723944
812958
919439
358680
286176
500730
574275
86947
953433
483031
73725
924087
298237
136311
72231
852445
40680
34135
39390
495418
822667
968259
127959
879604
687483
705549
478191
411054
674651
396708
317727
493003
703487
710164
474920
810112
49503
701739
127348
521090
178211
864962
367402
592579
32281
175549
73439
982452
837369
903845
507952
390369
36088
229554
42419
775381
927893
757859
819810
206085
921887
695474
177872
130706
689653
918927
77607
951621
882790
48121
733785
360417
167272
217644
566749
141909
982932
391023
875463
447409
91133
475831
938281
74999
775684
199160
813170
668064
861031
327588
839262
613754
216430
590050
409431
742711
642645
959242
320607
380331
307708
875046
167919
291387
761800
974642
397195
695733
719419
508339
924187
703702
686420
354463
210027
234820
993347
182199
448782
981695
515894
894669
564065
540225
116056
544774
971980
176882
293041
55868
505725
570466
114015
516585
131014
864868
444508
128190
204483
782720
670511
486157
331987
247460
279428
896659
681350
911082
964401
538418
238587
615812
679313
862503
706088
940367
569485
142440
206985
20582
472255
736281
529763
45168
146079
316552
85543
140154
323054
125048
35616
104762
431657
647897
815961
604203
161141
686240
959494
599046
804930
15271
452902
644937
919800
911467
309638
436781
931516
412855
839738
285442
434839
662081
957347
52363
206790
27090
117891
504702
249112
229154
800992
88437
777324
473894
423880
465441
663372
665928
215057
546144
681905
182900
855616
886270
273143
953191
948211
107379
693249
611970
578667
526402
293894
977600
815212
921465
545654
163179
654904
161884
462163
280271
162578
252769
918193
264095
914249
44415
903676
361576
780776
214954
442581
309070
390892
356109
177820
940937
202971
931417
418663
42706
72921
506979
829695
154514
440432
688546
592764
764781
905597
731543
212420
270435
262036
283811
544031
531666
939071
174419
263874
370837
915863
189107
590255
759224
298135
107020
806561
286059
462338
976208
706712
129230
422738
165772
648066
247328
693347
346438
197271
149597
49200
740033
166080
464259
918999
995958
702107
585830
373467
8253
890915
648056
352311
987177
920774
921415
61355
334728
656333
818870
937316
567886
48881
709902
986458
908548
891474
872632
119012
673068
675442
236995
358007
32414
790985
988379
154868
611630
139435
766957
815770
608428
571332
968001
783244
378018
879545
365612
50151
988703
578914
755454
683585
350130
45153
410289
199757
120299
867250
831440
856930
391012
424877
950118
313118
926642
435803
287065
381722
128215
899267
902039
125655
839583
957138
317297
681761
668749
716038
119768
526370
345863
472689
946546
728713
812603
359892
521874
405616
423135
721103
946455
864686
467403
184311
107858
864360
2786
924942
638126
138697
305281
289457
235608
910298
446279
537087
605767
522636
173645
272141
579849
40917
737653
21252
436530
266177
753770
592941
16356
247028
534051
832091
749711
383171
255872
901126
332608
210807
989450
729455
345474
549805
283877
697665
143520
255631
854818
99568
365704
512198
335208
794022
264654
248003
579343
917847
174417
821114
30052
501701
626274
699351
641866
29773
110424
535089
478513
790839
913115
104371
806599
22033
122578
619353
83979
534862
127375
64290
936736
21192
213144
390759
169375
149570
584061
847145
422875
678925
853459
751837
67836
731914
484979
968350
19020
198193
940093
311260
249078
334305
280002
195728
994386
761306
445777
561071
948772
590336
523266
971549
320776
293487
979097
564197
151635
611071
242274
665747
278523
287917
494712
336585
472794
541840
985407
633770
942723
135937
612569
181570
136391
906679
830772
194665
580605
120458
223762
205199
367617
882668
503789
17500
95282
946262
775275
369811
288154
141506
911406
940746
21709
465390
707112
758581
877973
504298
868918
252400
841814
859622
100122
222415
820158
558353
652953
766030
663624
523209
747002
662995
524964
515179
109501
145432
578164
458991
496883
136609
258366
660138
646757
905267
407870
472096
899483
108487
959786
439737
51941
909298
570918
902141
772163
979567
820800
624227
210026
801591
709258
776299
222544
791583
526377
623834
261993
796601
812358
989904
734401
771779
787639
742651
731534
714789
176164
745078
885656
83725
832030
778287
784599
963668
152471
617792
301456
485405
976566
578458
94387
117633
339097
233354
150212
270429
213962
30155
600928
869537
651761
343915
101415
800707
754813
148022
549974
580955
9326
49363
879271
376474
566452
598619
689368
825831
829160
457969
521260
774528
150707
571540
108650
263436
980258
680945
687218
125384
275621
573122
260150
308400
961822
935773
159147
205880
265409
721342
839936
832995
135246
738115
460247
186702
695323
831377
650030
86122
227298
578440
921355
401629
609659
982903
500692
541485
451508
791375
747417
405217
132253
804253
750268
375445
909558
140196
964362
543941
743337
157321
808708
540877
91674
998787
226904
466261
566883
648848
54784
724213
988794
793956
206778
767366
679039
995152
301794
552250
186389
911648
216346
500711
571680
996807
565816
407520
146303
123440
699101
20419
968527
487062
920661
495150
151600
725688
216785
802613
837227
491428
756389
588466
680056
862451
448494
357334
290844
397082
807487
554211
120579
928885
501251
844054
602844
881618
199459
908951
120146
269411
213569
204410
191676
718330
5245
673992
616111
239812
66052
803999
813880
916097
985168
892363
52122
430094
424858
64847
643787
304059
521495
871547
766202
526779
536871
294389
389343
776247
223089
455609
65164
974060
180686
108310
886103
69070
422653
395532
631764
107779
358101
650368
240204
797387
780671
69267
724912
944547
738454
113271
547956
678481
869490
806575
680312
539285
617206
161554
613208
304994
949722
478143
564456
142952
655488
8300
397736
400994
75504
503523
970338
534487
79990
811698
720356
575996
673003
744350
920812
234336
442492
858215
536676
680249
160058
64385
778445
677233
16503
34048
697813
552203
925743
888800
808830
809308
236502
916384
905312
552387
673485
779946
269281
864144
983500
651117
674396
690705
994691
305839
734566
503593
124362
68702
603467
488907
37979
488174
155190
935756
245157
936752
344430
499096
888434
832029
222491
614723
633964
987988
454978
913405
238743
63059
594727
717181
257089
59346
545145
121673
654986
184004
941229
776330
462389
800774
433291
610546
941076
955260
742254
188103
44389
389674
842362
979812
80877
396397
571550
468835
98724
264784
814451
244027
321803
451376
471970
124096
271941
732271
707139
139887
158176
826094
848790
977459
58775
914295
921742
769252
224987
660836
555031
533376
497855
807087
817994
417961
771885
86107
26141
954469
619570
448542
602193
778370
172576
829900
346138
469156
703147
653456
7306
609267
611113
336530
757982
92852
618586
125194
101423
342117
177598
359982
380799
3726
480553
166946
832769
318204
580617
673723
289881
638632
14486
795586
365314
685803
547812
229097
315579
94095
198664
791081
453693
575314
826566
284401
737906
771673
314082
451606
332698
249364
702526
28914
