111121
922539
499182
321788
51331
547087
201825
16903
90137
909600
403914
76006
327288
355146
666258
408730
898249
982678
375223
949060
143196
497466
592071
103582
445030
729483
888163
235353
277240
730668
506431
550787
219123
943339
718373
21354
675526
315901
698539
625620
424486
8322
704339
597434
533731
506230
449030
423118
573722
723278
815415
828642
690243
327178
304630
507050
445740
1093
837954
210905
650570
916103
700577
896300
187755
454448
385707
800090
163805
308136
490928
783801
473958
729449
554147
182407
891996
260492
714120
994412
215116
52213
777717
460277
976774
479598
900240
1269
196346
115600
88722
285057
538671
186269
77573
607217
193157
921925
641544
552943
501400
83198
769985
522961
118949
351989
176494
705202
647924
398416
367048
703638
644311
481334
928733
621747
52856
148556
590088
887273
385705
849998
826971
219756
869561
795269
169430
23133
647070
650836
404588
657715
521019
705651
531221
583442
598313
26520
896559
856478
127480
230715
70065
538039
293541
555681
25889
32182
209539
849143
715949
330464
620198
110761
680207
16615
959191
917827
547800
412744
238975
446074
238932
69052
419849
737634
490979
84552
169352
704436
850544
914522
956590
994781
305452
254008
7831
727857
480632
43631
589911
301300
877828
16347
647923
8461
940524
665268
800780
835317
98270
306613
110306
178720
836549
824085
357170
337794
918128
679942
547955
2268
490565
251312
512676
665722
751914
733433
770875
454055
652547
635803
343189
389520
416332
12507
837555
329490
786985
355893
221444
209386
200160
41821
500771
174542
661400
120078
329009
65725
237521
343637
862042
850414
579370
240526
842734
577921
153418
151707
346868
286534
424574
584595
136863
132787
673255
99813
244602
164918
430733
488617
850415
930202
201864
784762
155378
489251
387178
242391
464230
307642
521756
607777
51653
363719
277027
544806
130967
501565
451734
862985
260811
214688
176241
268758
497762
749613
841062
410974
99217
806445
499651
842735
885009
50232
401543
548706
63239
824812
373284
744472
828328
66927
827305
32468
577930
651553
335189
246987
585666
222321
759853
749012
648366
394130
574807
305334
337542
856186
210728
705625
244369
218819
215646
395379
797642
925660
588996
608979
877951
570997
56014
261558
177239
361933
120290
367753
488186
670020
348919
467471
504367
989535
483204
992246
708220
5458
612673
884392
829900
650217
963463
788633
376409
351187
769081
740875
191215
781874
148457
243617
89709
838656
275475
240988
788077
756344
28692
983529
912865
742692
857066
350129
646073
992708
817139
975860
53094
336989
128403
65821
460279
146367
775884
881137
460299
400021
106250
250375
342142
222400
200965
141305
568383
549895
266364
205133
41757
408807
582600
842541
793313
54284
697628
537196
648352
699102
684660
219412
433086
49252
791094
925391
758308
106236
50759
117386
497724
64
20655
161933
316032
162189
936354
65147
819591
787592
482361
101399
625320
895180
652712
233097
593906
14142
994167
394740
865118
584776
17527
141487
425383
194801
672056
233553
491738
812781
853963
337602
935566
355369
490982
661321
208281
994837
274398
160719
601027
815189
822768
433957
982338
89438
516118
485565
40573
848534
404056
473187
70770
619208
724146
933004
460178
391333
536687
950730
310358
16038
506269
967404
799614
432240
187869
951776
185938
606475
964681
813302
500538
189128
802599
822347
904129
584659
601626
564792
626828
208733
223914
984852
429092
819460
207875
330836
46625
561232
321936
870332
888946
651054
991570
915459
484808
797659
303602
22425
682484
847756
537734
170635
815264
230921
233328
674827
175086
106087
844978
334054
238946
956142
479691
266842
673749
357788
696559
907446
484208
388490
732657
674836
262069
942578
74013
827674
960312
241183
688310
148473
979419
277825
352767
584576
273992
409397
952906
483007
809937
822663
362919
346701
578776
383719
668723
21057
874121
153353
920548
536149
792202
100120
835712
594860
52720
893549
449375
121152
371438
126377
719125
881962
727866
847864
128610
597322
869368
261804
257581
393520
221808
206592
161419
284194
306986
258539
302783
145036
309134
403863
928252
182119
669504
60216
978775
902540
790893
168563
542930
770566
650206
535834
178777
189714
260937
892009
894441
93945
646949
573446
980125
705344
709924
93498
79814
108485
481979
560735
736980
122522
376940
598476
943588
728931
460841
600007
882284
666581
735846
928002
193879
625363
518809
78811
718155
106385
859531
360318
876797
397481
599285
990201
669135
919809
64190
960840
662384
317209
474037
639437
614712
609204
289514
417802
905760
758172
998244
123811
864897
295854
98042
912405
315502
241872
526910
305626
543819
345205
582952
861107
271383
390226
892100
395055
401075
500889
602943
278815
774337
533347
162281
349531
318690
464863
403793
506913
356812
702391
798383
924883
931736
91234
554733
909105
497769
214273
399762
448775
259788
551057
59764
547119
142188
337642
138990
394582
188067
135016
467108
236580
291333
200763
62035
819295
999877
446237
957064
68664
634614
744439
633727
798882
441127
256750
14517
790614
340857
273657
905083
50974
903416
427775
11995
95250
305772
554908
164405
894840
75686
974193
770343
618152
124586
167396
903277
570725
690
187729
20165
416756
659585
782117
48651
317438
993460
344307
443579
804483
716304
981531
100077
132410
254455
904189
451254
829553
774122
429258
391567
902608
163740
968477
90895
706548
695284
521528
985190
746218
471523
733622
805083
989113
309059
215028
201516
475310
677895
382351
345770
141510
335535
340875
585704
375829
134843
93802
637124
798201
689363
16148
814261
900809
789577
160145
525213
41836
732433
730952
118126
599900
134063
785550
737212
643417
653266
10843
555768
320768
489686
38069
613880
953884
20551
339538
303118
503608
563161
914991
971805
561981
904822
603650
28872
309523
620248
851256
412896
236672
337704
986541
317663
100436
79782
198509
957950
511900
327584
97099
789269
1090
498958
19162
101772
992704
951187
359660
67907
109123
791869
829652
836810
843181
105021
927887
930440
336304
6988
343719
354549
101427
155592
652248
986566
770797
124106
717526
218325
784138
613588
536418
498788
134016
698047
246316
750149
640423
355077
728004
361482
793593
665352
645100
103546
532759
905048
895321
833118
835166
991275
118250
451980
672362
47055
948902
303222
450143
164763
650186
544206
601331
427844
966688
385177
142712
174133
507605
635096
454010
885799
669503
546890
122375
902852
147229
443115
626495
195653
36515
9988
363589
413654
265590
49867
862014
907467
447388
83159
101464
858020
998903
988313
857094
427147
346923
10910
796775
459707
671262
221680
610691
702506
720679
939464
444917
197705
658493
159308
767358
843392
161258
105186
287129
47903
769665
441832
181089
838826
507448
716525
143028
726863
404857
677328
553034
732887
431606
467988
371390
286370
140870
128434
297405
591753
469451
260016
81139
726729
300173
829085
612453
458390
392832
284636
316608
941426
924742
5984
823683
155127
970715
