183211
970705
426334
569927
40213
556990
210199
60699
91368
357670
752866
352590
18451
169062
216259
603247
579526
861870
662403
380128
612421
70930
139191
408667
452350
772318
581564
943124
493046
241381
161491
926098
45760
993969
972095
891132
708313
716604
789985
704891
277685
813490
344060
231228
48399
379736
208488
988506
524779
51808
992437
611598
752039
919431
300835
522417
532207
177166
663438
684281
634312
341234
86302
374498
734339
493918
432749
770380
232110
609771
383989
740313
853240
649603
693303
647398
907011
201166
405803
43374
16918
349011
354728
877612
826124
114982
500063
540770
196290
452121
444921
794949
101300
723366
559202
127559
12676
695854
618513
295910
385870
776848
547943
4876
440646
621743
424553
325217
695639
464266
500286
376763
821710
538041
636113
942857
624759
240080
512008
344641
944893
3362
672074
213181
233417
147268
358789
390714
852813
869534
168913
515829
71113
709414
457997
930835
678166
471849
826829
98907
672822
765963
151537
482112
860672
856007
683124
159813
218476
684219
87011
965905
432086
577720
508511
345320
557464
645032
456488
816456
543446
480931
800051
480909
132522
983783
827207
512276
995889
284661
766878
535316
15026
436075
673461
75962
589545
952477
64209
965415
904065
54112
945645
693486
210288
373877
688878
751364
769390
626295
170061
84124
363145
146939
721892
794665
289695
275805
89223
265287
204392
869213
120426
993708
366018
836707
659
732366
520301
738843
961485
367518
450062
953811
382715
326866
19983
207853
520476
987704
631146
937603
502559
402401
255447
67925
176211
150581
55481
513510
789153
112540
405228
430985
358600
597334
147789
895798
808699
745298
852047
934035
979488
314534
916853
827044
330546
384822
65843
778732
138491
825686
264243
605790
107694
143030
787672
972918
938270
154119
246
802106
269683
119089
697084
207712
738687
842488
99998
627945
494987
835550
761587
834376
719497
988539
420948
562565
211944
17183
433899
893840
132067
464204
75011
231819
530851
527489
638507
471721
684565
487811
691720
155555
257955
214714
628976
18335
376154
620783
845712
3848
337698
634528
806064
797653
207136
383264
460465
524249
936191
906798
810375
26582
251826
72403
987125
533365
579118
814248
591590
295371
534019
758788
625438
355753
790395
225411
717952
139139
130161
557002
247757
687528
585817
446687
988071
957225
880221
734480
929454
756665
836688
793334
327603
424765
195976
181418
957521
962950
757760
150421
402749
266718
43999
375233
676500
850565
837238
822059
956973
646779
318394
595498
254767
592395
781686
947995
572567
519070
242661
620883
691318
864311
163316
900119
800151
237923
201245
148635
358257
935128
199320
631781
481629
635457
340915
782887
89326
947227
387135
518124
23582
40063
108159
468
282644
689911
196981
757520
837762
748525
181862
400465
756971
453978
338582
427198
460445
549730
836222
733002
600858
281403
256730
195227
592905
303224
452274
530391
507536
360118
524290
733947
837134
799672
142064
696069
69227
784462
192497
448937
853919
781340
102842
920887
999379
816249
489979
131436
977058
385505
859948
144227
210727
984727
838207
715479
729660
153269
800777
392911
257356
657119
154315
262965
741105
839247
290025
472304
146075
12413
282759
433485
387103
243888
12461
553799
211344
298385
51907
548893
897385
179674
41808
780492
63729
252651
922061
216795
585101
518795
324449
880645
413651
245864
592639
613212
646640
7528
602620
872329
330046
371100
23355
168085
406098
212014
662243
868832
701445
893773
316604
119945
940165
732204
312820
768115
681844
420631
881379
775291
249493
894838
636045
649190
123348
455123
166655
107867
696036
514053
17522
531359
707924
714496
858894
168749
85045
387270
284895
561980
263735
695126
198671
655721
343211
402453
994505
279097
369117
846923
520627
369403
997654
569822
557366
88150
613766
56281
10671
884276
553254
554255
753927
72807
693934
362676
216643
868860
504108
631369
610729
340367
264062
258364
821576
596335
344822
968291
955224
77109
381438
622769
679906
474314
878350
313248
611381
493141
732749
804885
184949
84992
681244
347988
571654
69471
299056
411169
457579
988496
798917
776927
212988
242299
554607
611528
748612
202268
241266
339649
402907
270790
315103
268435
951313
266359
993920
294229
606640
409804
934207
254412
879581
376675
547657
667106
622629
967172
757253
560004
911086
40171
949102
321814
399412
949952
637074
675286
794159
714639
230116
428679
868790
553006
483948
310466
5967
936454
830386
859400
293981
299486
818052
806
524762
541167
573675
762435
938295
182687
614113
332702
439939
481754
874703
435646
175324
218954
86000
286139
132493
684344
920827
933466
273491
144661
41138
298276
811045
280612
930772
776421
952476
424151
341033
668484
68171
885663
655955
310797
742921
529815
406348
235212
488175
743262
992921
33930
519949
671307
879783
9707
740331
734751
372666
530267
270874
209685
476550
848820
271699
890701
317877
760822
321191
307701
947172
477290
105117
321109
722544
266934
183282
570909
698216
427277
641974
447137
40874
578853
310697
572193
191418
877016
70444
552670
24944
46627
226243
808074
715815
144732
365856
976143
163612
497034
879755
285478
438305
298723
81489
711211
239387
981538
141438
188175
836019
999430
507291
313002
725346
954904
153223
828544
767855
886891
550481
539405
687025
503610
789020
181612
63665
481934
469504
172886
779815
642808
837864
221230
17619
560625
364559
210478
89973
694690
200446
454859
933560
733177
987489
175276
455920
539210
711157
858227
415953
627602
860884
226830
114797
815765
226476
183844
353415
79926
945679
435634
636525
743808
645956
838060
45972
621141
820644
412303
533878
911905
342195
403093
898494
572976
99028
366711
975735
541407
484863
99838
897857
630477
422700
709718
503672
852289
860762
841631
262828
621293
560045
588358
631791
226781
594846
493800
590151
382278
383526
344174
231697
857604
362171
442865
203384
73868
805780
300163
833346
905201
762122
554658
433760
202359
288315
403094
494672
595642
351354
482091
222124
233138
193331
933176
276676
908342
75670
502746
719068
540019
226454
315458
603325
888515
370265
689386
395754
940737
266701
727540
916028
81341
14435
31173
596574
124702
158494
840290
287024
709065
893323
817222
160514
46190
859688
48572
518430
980027
875855
553758
810666
272647
950007
324607
598495
101849
706934
113685
63327
412377
133807
943457
725522
571238
516179
304173
931749
282335
932889
945898
846070
583702
833232
918309
78459
411334
51191
353501
167040
618259
876765
265367
9842
64358
311224
693651
626073
353434
782846
909652
346820
490802
260804
320126
143448
857083
582522
1439
465324
451778
998895
556603
673360
55540
810091
719323
511575
793763
74132
689271
541311
803961
262764
380843
688683
227865
904881
471625
82113
918783
553293
303927
763500
169387
180554
71576
53340
935187
990241
690870
351890
757061
988109
220457
692727
557338
911552
972505
657399
264440
902748
571187
520179
2692
788156
442231
874000
466327
576842
780254
